### var1 :  Probe_eta 
### var2 :  Probe_pt 
###  eta Low  eta High  pt Low  pt High effData statErrData systErrData effMC statErrMC systErrMC effDataAltBkg effDataAltSig effMCAltMC effMCTagSel
  -2.500	  -2.000	 +10.000	 +15.000	0.245	0.009	0.007	0.215	0.006	0.008	0.242	0.252	0.223	0.215
  -2.000	  -1.566	 +10.000	 +15.000	0.318	0.012	0.014	0.329	0.008	0.005	0.314	0.331	0.328	0.325
  -1.566	  -1.442	 +10.000	 +15.000	0.280	0.023	0.110	0.254	0.014	0.013	0.273	0.390	0.259	0.267
  -1.442	  -0.800	 +10.000	 +15.000	0.429	0.014	0.016	0.395	0.007	0.009	0.414	0.430	0.391	0.387
  -0.800	  +0.000	 +10.000	 +15.000	0.378	0.010	0.020	0.388	0.006	0.018	0.357	0.380	0.406	0.386
  +0.000	  +0.800	 +10.000	 +15.000	0.392	0.007	0.015	0.407	0.006	0.008	0.379	0.400	0.412	0.401
  +0.800	  +1.442	 +10.000	 +15.000	0.447	0.014	0.021	0.392	0.007	0.007	0.429	0.436	0.399	0.392
  +1.442	  +1.566	 +10.000	 +15.000	0.406	0.041	0.081	0.261	0.015	0.013	0.355	0.343	0.248	0.263
  +1.566	  +2.000	 +10.000	 +15.000	0.339	0.013	0.009	0.325	0.008	0.019	0.330	0.337	0.306	0.323
  +2.000	  +2.500	 +10.000	 +15.000	0.274	0.010	0.005	0.233	0.007	0.014	0.269	0.273	0.219	0.235
  -2.500	  -2.000	 +15.000	 +20.000	0.328	0.007	0.003	0.345	0.006	0.007	0.331	0.329	0.352	0.346
  -2.000	  -1.566	 +15.000	 +20.000	0.438	0.008	0.007	0.449	0.006	0.004	0.433	0.433	0.446	0.446
  -1.566	  -1.442	 +15.000	 +20.000	0.348	0.015	0.012	0.326	0.011	0.009	0.339	0.340	0.333	0.331
  -1.442	  -0.800	 +15.000	 +20.000	0.493	0.007	0.002	0.511	0.005	0.013	0.492	0.494	0.524	0.510
  -0.800	  +0.000	 +15.000	 +20.000	0.491	0.006	0.014	0.526	0.004	0.014	0.477	0.490	0.540	0.529
  +0.000	  +0.800	 +15.000	 +20.000	0.508	0.006	0.011	0.535	0.004	0.016	0.497	0.508	0.551	0.535
  +0.800	  +1.442	 +15.000	 +20.000	0.489	0.007	0.007	0.510	0.005	0.005	0.483	0.487	0.514	0.509
  +1.442	  +1.566	 +15.000	 +20.000	0.333	0.015	0.066	0.315	0.011	0.006	0.329	0.399	0.322	0.314
  +1.566	  +2.000	 +15.000	 +20.000	0.420	0.008	0.007	0.462	0.006	0.003	0.414	0.418	0.465	0.461
  +2.000	  +2.500	 +15.000	 +20.000	0.352	0.007	0.004	0.341	0.006	0.012	0.348	0.353	0.353	0.340
  -2.500	  -2.000	 +20.000	 +35.000	0.486	0.002	0.007	0.542	0.002	0.007	0.480	0.490	0.545	0.536
  -2.000	  -1.566	 +20.000	 +35.000	0.578	0.002	0.016	0.624	0.001	0.007	0.565	0.588	0.627	0.618
  -1.566	  -1.442	 +20.000	 +35.000	0.436	0.003	0.037	0.435	0.003	0.008	0.435	0.473	0.443	0.433
  -1.442	  -0.800	 +20.000	 +35.000	0.612	0.001	0.009	0.657	0.001	0.007	0.603	0.610	0.663	0.653
  -0.800	  +0.000	 +20.000	 +35.000	0.630	0.001	0.005	0.680	0.001	0.008	0.624	0.629	0.686	0.674
  +0.000	  +0.800	 +20.000	 +35.000	0.641	0.001	0.006	0.684	0.001	0.008	0.635	0.643	0.690	0.679
  +0.800	  +1.442	 +20.000	 +35.000	0.603	0.001	0.006	0.650	0.001	0.007	0.597	0.604	0.655	0.645
  +1.442	  +1.566	 +20.000	 +35.000	0.419	0.003	0.059	0.432	0.003	0.008	0.418	0.478	0.439	0.428
  +1.566	  +2.000	 +20.000	 +35.000	0.566	0.002	0.029	0.622	0.001	0.007	0.560	0.594	0.623	0.615
  +2.000	  +2.500	 +20.000	 +35.000	0.492	0.002	0.009	0.539	0.002	0.005	0.484	0.496	0.538	0.534
  -2.500	  -2.000	 +35.000	 +50.000	0.643	0.001	0.004	0.700	0.001	0.002	0.641	0.639	0.697	0.699
  -2.000	  -1.566	 +35.000	 +50.000	0.719	0.001	0.004	0.767	0.001	0.001	0.718	0.716	0.767	0.766
  -1.566	  -1.442	 +35.000	 +50.000	0.627	0.002	0.001	0.653	0.002	0.000	0.627	0.626	0.653	0.653
  -1.442	  -0.800	 +35.000	 +50.000	0.750	0.001	0.004	0.798	0.001	0.001	0.749	0.746	0.798	0.797
  -0.800	  +0.000	 +35.000	 +50.000	0.772	0.001	0.003	0.820	0.001	0.001	0.772	0.769	0.820	0.820
  +0.000	  +0.800	 +35.000	 +50.000	0.782	0.001	0.003	0.822	0.001	0.001	0.781	0.778	0.821	0.822
  +0.800	  +1.442	 +35.000	 +50.000	0.747	0.001	0.004	0.791	0.001	0.001	0.746	0.743	0.790	0.791
  +1.442	  +1.566	 +35.000	 +50.000	0.617	0.002	0.002	0.647	0.002	0.002	0.617	0.616	0.645	0.647
  +1.566	  +2.000	 +35.000	 +50.000	0.717	0.001	0.004	0.765	0.001	0.002	0.715	0.713	0.765	0.763
  +2.000	  +2.500	 +35.000	 +50.000	0.642	0.001	0.002	0.693	0.001	0.001	0.641	0.640	0.692	0.693
  -2.500	  -2.000	 +50.000	 +90.000	0.726	0.003	0.015	0.765	0.002	0.007	0.725	0.711	0.772	0.764
  -2.000	  -1.566	 +50.000	 +90.000	0.789	0.002	0.012	0.821	0.002	0.005	0.788	0.777	0.826	0.821
  -1.566	  -1.442	 +50.000	 +90.000	0.696	0.006	0.010	0.698	0.005	0.007	0.694	0.687	0.702	0.693
  -1.442	  -0.800	 +50.000	 +90.000	0.799	0.001	0.009	0.843	0.001	0.004	0.799	0.790	0.847	0.842
  -0.800	  +0.000	 +50.000	 +90.000	0.815	0.001	0.013	0.859	0.001	0.002	0.815	0.802	0.858	0.858
  +0.000	  +0.800	 +50.000	 +90.000	0.823	0.001	0.010	0.860	0.001	0.002	0.823	0.813	0.858	0.858
  +0.800	  +1.442	 +50.000	 +90.000	0.795	0.001	0.010	0.837	0.001	0.003	0.795	0.785	0.839	0.835
  +1.442	  +1.566	 +50.000	 +90.000	0.687	0.006	0.004	0.695	0.005	0.003	0.684	0.690	0.697	0.693
  +1.566	  +2.000	 +50.000	 +90.000	0.794	0.002	0.010	0.825	0.002	0.002	0.793	0.783	0.823	0.825
  +2.000	  +2.500	 +50.000	 +90.000	0.728	0.003	0.014	0.757	0.002	0.011	0.726	0.714	0.769	0.758
  -2.500	  -2.000	 +90.000	+150.000	0.822	0.012	0.002	0.838	0.009	0.003	0.821	0.820	0.841	0.838
  -2.000	  -1.566	 +90.000	+150.000	0.868	0.009	0.004	0.872	0.007	0.016	0.864	0.869	0.887	0.867
  -1.566	  -1.442	 +90.000	+150.000	0.724	0.024	0.022	0.738	0.019	0.047	0.708	0.708	0.691	0.738
  -1.442	  -0.800	 +90.000	+150.000	0.864	0.006	0.011	0.872	0.005	0.009	0.853	0.862	0.881	0.872
  -0.800	  +0.000	 +90.000	+150.000	0.863	0.004	0.004	0.875	0.004	0.003	0.859	0.863	0.877	0.873
  +0.000	  +0.800	 +90.000	+150.000	0.870	0.004	0.003	0.884	0.004	0.002	0.869	0.868	0.885	0.882
  +0.800	  +1.442	 +90.000	+150.000	0.852	0.006	0.005	0.872	0.005	0.003	0.847	0.853	0.874	0.870
  +1.442	  +1.566	 +90.000	+150.000	0.717	0.021	0.015	0.712	0.020	0.015	0.713	0.702	0.726	0.708
  +1.566	  +2.000	 +90.000	+150.000	0.862	0.009	0.009	0.871	0.007	0.007	0.854	0.862	0.877	0.869
  +2.000	  +2.500	 +90.000	+150.000	0.816	0.014	0.004	0.833	0.009	0.003	0.814	0.814	0.830	0.833
  -2.500	  -2.000	+150.000	+500.000	0.785	0.028	0.007	0.845	0.021	0.016	0.789	0.791	0.829	0.846
  -2.000	  -1.566	+150.000	+500.000	0.843	0.019	0.008	0.899	0.012	0.013	0.837	0.838	0.887	0.898
  -1.566	  -1.442	+150.000	+500.000	0.747	0.038	0.011	0.710	0.039	0.056	0.747	0.757	0.655	0.721
  -1.442	  -0.800	+150.000	+500.000	0.874	0.011	0.011	0.880	0.009	0.010	0.866	0.866	0.890	0.879
  -0.800	  +0.000	+150.000	+500.000	0.883	0.008	0.008	0.889	0.007	0.009	0.876	0.879	0.898	0.890
  +0.000	  +0.800	+150.000	+500.000	0.882	0.008	0.002	0.894	0.007	0.021	0.882	0.880	0.873	0.893
  +0.800	  +1.442	+150.000	+500.000	0.891	0.011	0.020	0.890	0.008	0.026	0.871	0.889	0.864	0.889
  +1.442	  +1.566	+150.000	+500.000	0.709	0.038	0.022	0.681	0.044	0.054	0.731	0.707	0.726	0.650
  +1.566	  +2.000	+150.000	+500.000	0.863	0.017	0.002	0.874	0.014	0.020	0.863	0.861	0.892	0.884
  +2.000	  +2.500	+150.000	+500.000	0.882	0.031	0.057	0.822	0.021	0.051	0.868	0.826	0.873	0.824
