### var1 :  Probe_eta 
### var2 :  Probe_pt 
###  eta Low  eta High  pt Low  pt High effData statErrData systErrData effMC statErrMC systErrMC effDataAltBkg effDataAltSig effMCAltMC effMCTagSel
  -2.500	  -2.000	 +10.000	 +15.000	0.032	0.003	0.001	0.043	0.003	0.004	0.031	0.032	0.047	0.045
  -2.000	  -1.566	 +10.000	 +15.000	0.043	0.004	0.002	0.071	0.004	0.006	0.043	0.041	0.077	0.071
  -1.566	  -1.442	 +10.000	 +15.000	0.039	0.009	0.008	0.049	0.007	0.008	0.042	0.047	0.056	0.050
  -1.442	  -0.800	 +10.000	 +15.000	0.097	0.006	0.004	0.124	0.005	0.007	0.094	0.099	0.131	0.122
  -0.800	  +0.000	 +10.000	 +15.000	0.120	0.005	0.004	0.162	0.004	0.014	0.116	0.122	0.177	0.161
  +0.000	  +0.800	 +10.000	 +15.000	0.145	0.005	0.004	0.185	0.005	0.015	0.141	0.145	0.200	0.181
  +0.800	  +1.442	 +10.000	 +15.000	0.115	0.006	0.006	0.126	0.005	0.002	0.111	0.111	0.124	0.127
  +1.442	  +1.566	 +10.000	 +15.000	0.046	0.012	0.001	0.041	0.007	0.008	0.045	0.047	0.049	0.040
  +1.566	  +2.000	 +10.000	 +15.000	0.030	0.004	0.005	0.054	0.004	0.004	0.029	0.034	0.058	0.054
  +2.000	  +2.500	 +10.000	 +15.000	0.040	0.004	0.001	0.066	0.004	0.008	0.039	0.041	0.058	0.067
  -2.500	  -2.000	 +15.000	 +20.000	0.113	0.004	0.002	0.168	0.004	0.003	0.115	0.113	0.170	0.169
  -2.000	  -1.566	 +15.000	 +20.000	0.152	0.005	0.002	0.228	0.005	0.006	0.154	0.151	0.223	0.225
  -1.566	  -1.442	 +15.000	 +20.000	0.152	0.010	0.007	0.159	0.008	0.007	0.145	0.150	0.166	0.157
  -1.442	  -0.800	 +15.000	 +20.000	0.258	0.005	0.006	0.322	0.004	0.005	0.259	0.263	0.327	0.322
  -0.800	  +0.000	 +15.000	 +20.000	0.303	0.005	0.010	0.364	0.004	0.010	0.294	0.299	0.374	0.366
  +0.000	  +0.800	 +15.000	 +20.000	0.325	0.005	0.007	0.388	0.004	0.002	0.318	0.326	0.389	0.387
  +0.800	  +1.442	 +15.000	 +20.000	0.264	0.005	0.005	0.309	0.004	0.002	0.259	0.266	0.310	0.307
  +1.442	  +1.566	 +15.000	 +20.000	0.107	0.009	0.010	0.144	0.008	0.003	0.117	0.109	0.142	0.144
  +1.566	  +2.000	 +15.000	 +20.000	0.124	0.005	0.002	0.198	0.005	0.005	0.123	0.125	0.195	0.195
  +2.000	  +2.500	 +15.000	 +20.000	0.140	0.005	0.001	0.180	0.005	0.011	0.140	0.141	0.191	0.182
  -2.500	  -2.000	 +20.000	 +35.000	0.277	0.001	0.005	0.381	0.002	0.004	0.274	0.281	0.380	0.377
  -2.000	  -1.566	 +20.000	 +35.000	0.337	0.001	0.009	0.453	0.001	0.005	0.331	0.344	0.456	0.449
  -1.566	  -1.442	 +20.000	 +35.000	0.285	0.002	0.050	0.325	0.002	0.006	0.285	0.335	0.331	0.323
  -1.442	  -0.800	 +20.000	 +35.000	0.455	0.001	0.008	0.534	0.001	0.007	0.449	0.459	0.539	0.530
  -0.800	  +0.000	 +20.000	 +35.000	0.487	0.001	0.003	0.571	0.001	0.008	0.484	0.487	0.578	0.568
  +0.000	  +0.800	 +20.000	 +35.000	0.493	0.001	0.009	0.571	0.001	0.007	0.490	0.502	0.577	0.568
  +0.800	  +1.442	 +20.000	 +35.000	0.444	0.001	0.005	0.522	0.001	0.005	0.440	0.447	0.525	0.519
  +1.442	  +1.566	 +20.000	 +35.000	0.263	0.002	0.042	0.312	0.002	0.006	0.262	0.305	0.318	0.309
  +1.566	  +2.000	 +20.000	 +35.000	0.308	0.001	0.002	0.427	0.001	0.005	0.306	0.309	0.428	0.422
  +2.000	  +2.500	 +20.000	 +35.000	0.286	0.002	0.005	0.384	0.002	0.003	0.282	0.290	0.382	0.382
  -2.500	  -2.000	 +35.000	 +50.000	0.360	0.001	0.003	0.472	0.001	0.001	0.359	0.357	0.472	0.471
  -2.000	  -1.566	 +35.000	 +50.000	0.423	0.001	0.004	0.551	0.001	0.001	0.422	0.419	0.550	0.550
  -1.566	  -1.442	 +35.000	 +50.000	0.408	0.002	0.001	0.478	0.002	0.001	0.408	0.407	0.478	0.478
  -1.442	  -0.800	 +35.000	 +50.000	0.534	0.001	0.005	0.619	0.001	0.001	0.534	0.529	0.618	0.617
  -0.800	  +0.000	 +35.000	 +50.000	0.568	0.001	0.004	0.649	0.001	0.000	0.568	0.564	0.649	0.649
  +0.000	  +0.800	 +35.000	 +50.000	0.572	0.001	0.004	0.648	0.001	0.000	0.572	0.568	0.648	0.649
  +0.800	  +1.442	 +35.000	 +50.000	0.535	0.001	0.005	0.611	0.001	0.001	0.534	0.530	0.611	0.610
  +1.442	  +1.566	 +35.000	 +50.000	0.398	0.002	0.004	0.472	0.002	0.003	0.397	0.394	0.469	0.472
  +1.566	  +2.000	 +35.000	 +50.000	0.405	0.001	0.003	0.531	0.001	0.000	0.405	0.402	0.531	0.531
  +2.000	  +2.500	 +35.000	 +50.000	0.366	0.001	0.002	0.476	0.001	0.001	0.366	0.364	0.476	0.476
  -2.500	  -2.000	 +50.000	 +90.000	0.410	0.003	0.014	0.514	0.002	0.005	0.410	0.396	0.519	0.515
  -2.000	  -1.566	 +50.000	 +90.000	0.468	0.002	0.012	0.590	0.002	0.003	0.468	0.456	0.592	0.588
  -1.566	  -1.442	 +50.000	 +90.000	0.450	0.006	0.017	0.521	0.005	0.007	0.448	0.433	0.527	0.517
  -1.442	  -0.800	 +50.000	 +90.000	0.551	0.002	0.008	0.636	0.001	0.003	0.551	0.542	0.638	0.634
  -0.800	  +0.000	 +50.000	 +90.000	0.604	0.001	0.009	0.687	0.001	0.003	0.604	0.595	0.683	0.687
  +0.000	  +0.800	 +50.000	 +90.000	0.608	0.001	0.007	0.687	0.001	0.001	0.608	0.601	0.688	0.686
  +0.800	  +1.442	 +50.000	 +90.000	0.549	0.002	0.010	0.627	0.002	0.002	0.549	0.538	0.627	0.624
  +1.442	  +1.566	 +50.000	 +90.000	0.439	0.006	0.008	0.508	0.005	0.006	0.437	0.431	0.511	0.503
  +1.566	  +2.000	 +50.000	 +90.000	0.464	0.002	0.012	0.581	0.002	0.001	0.464	0.452	0.582	0.580
  +2.000	  +2.500	 +50.000	 +90.000	0.416	0.003	0.016	0.512	0.002	0.012	0.415	0.399	0.524	0.514
  -2.500	  -2.000	 +90.000	+150.000	0.479	0.014	0.004	0.581	0.013	0.008	0.478	0.474	0.572	0.582
  -2.000	  -1.566	 +90.000	+150.000	0.518	0.010	0.001	0.621	0.010	0.004	0.517	0.516	0.624	0.618
  -1.566	  -1.442	 +90.000	+150.000	0.471	0.025	0.011	0.560	0.022	0.068	0.465	0.481	0.493	0.565
  -1.442	  -0.800	 +90.000	+150.000	0.589	0.007	0.011	0.654	0.007	0.003	0.579	0.583	0.651	0.653
  -0.800	  +0.000	 +90.000	+150.000	0.695	0.005	0.003	0.739	0.005	0.006	0.692	0.695	0.746	0.738
  +0.000	  +0.800	 +90.000	+150.000	0.701	0.005	0.003	0.747	0.005	0.006	0.700	0.698	0.753	0.747
  +0.800	  +1.442	 +90.000	+150.000	0.572	0.007	0.003	0.645	0.007	0.003	0.571	0.575	0.643	0.642
  +1.442	  +1.566	 +90.000	+150.000	0.464	0.022	0.012	0.495	0.022	0.069	0.463	0.453	0.564	0.492
  +1.566	  +2.000	 +90.000	+150.000	0.537	0.011	0.008	0.622	0.010	0.008	0.529	0.538	0.615	0.619
  +2.000	  +2.500	 +90.000	+150.000	0.499	0.015	0.007	0.579	0.012	0.013	0.495	0.493	0.568	0.574
  -2.500	  -2.000	+150.000	+500.000	0.405	0.034	0.016	0.513	0.028	0.005	0.401	0.389	0.515	0.509
  -2.000	  -1.566	+150.000	+500.000	0.524	0.021	0.011	0.610	0.019	0.006	0.519	0.516	0.616	0.610
  -1.566	  -1.442	+150.000	+500.000	0.441	0.042	0.016	0.510	0.042	0.055	0.447	0.455	0.561	0.529
  -1.442	  -0.800	+150.000	+500.000	0.578	0.014	0.009	0.600	0.013	0.027	0.569	0.577	0.627	0.600
  -0.800	  +0.000	+150.000	+500.000	0.730	0.010	0.011	0.753	0.009	0.012	0.721	0.725	0.765	0.757
  +0.000	  +0.800	+150.000	+500.000	0.731	0.010	0.002	0.763	0.009	0.020	0.730	0.729	0.743	0.764
  +0.800	  +1.442	+150.000	+500.000	0.526	0.014	0.009	0.606	0.013	0.018	0.520	0.533	0.621	0.597
  +1.442	  +1.566	+150.000	+500.000	0.455	0.048	0.027	0.466	0.045	0.052	0.430	0.447	0.515	0.447
  +1.566	  +2.000	+150.000	+500.000	0.486	0.021	0.001	0.566	0.021	0.057	0.486	0.487	0.622	0.569
  +2.000	  +2.500	+150.000	+500.000	0.485	0.040	0.021	0.504	0.028	0.035	0.468	0.472	0.538	0.496
