### var1 :  Probe_eta 
### var2 :  Probe_pt 
###  eta Low  eta High  pt Low  pt High effData statErrData systErrData effMC statErrMC systErrMC effDataAltBkg effDataAltSig effMCAltMC effMCTagSel
  -2.500	  -2.000	 +10.000	 +15.000	0.269	0.016	0.003	0.254	0.005	0.005	0.266	0.271	0.258	0.254
  -2.000	  -1.566	 +10.000	 +15.000	0.275	0.017	0.007	0.294	0.006	0.004	0.268	0.276	0.296	0.291
  -1.566	  -1.442	 +10.000	 +15.000	0.196	0.031	0.091	0.239	0.011	0.021	0.184	0.286	0.218	0.238
  -1.442	  -0.800	 +10.000	 +15.000	0.410	0.022	0.014	0.406	0.006	0.013	0.397	0.405	0.420	0.407
  -0.800	  +0.000	 +10.000	 +15.000	0.426	0.024	0.016	0.438	0.007	0.026	0.421	0.411	0.412	0.438
  +0.000	  +0.800	 +10.000	 +15.000	0.425	0.027	0.006	0.440	0.007	0.018	0.419	0.422	0.458	0.443
  +0.800	  +1.442	 +10.000	 +15.000	0.449	0.025	0.019	0.416	0.006	0.006	0.431	0.441	0.410	0.414
  +1.442	  +1.566	 +10.000	 +15.000	0.278	0.041	0.018	0.245	0.011	0.016	0.264	0.266	0.230	0.251
  +1.566	  +2.000	 +10.000	 +15.000	0.314	0.021	0.011	0.297	0.006	0.005	0.303	0.316	0.302	0.295
  +2.000	  +2.500	 +10.000	 +15.000	0.266	0.018	0.012	0.264	0.005	0.001	0.256	0.259	0.263	0.263
  -2.500	  -2.000	 +15.000	 +20.000	0.341	0.012	0.004	0.363	0.004	0.004	0.338	0.338	0.363	0.359
  -2.000	  -1.566	 +15.000	 +20.000	0.361	0.012	0.004	0.419	0.004	0.010	0.364	0.359	0.428	0.415
  -1.566	  -1.442	 +15.000	 +20.000	0.226	0.017	0.047	0.290	0.008	0.006	0.236	0.272	0.284	0.291
  -1.442	  -0.800	 +15.000	 +20.000	0.486	0.012	0.003	0.512	0.004	0.006	0.483	0.486	0.507	0.511
  -0.800	  +0.000	 +15.000	 +20.000	0.480	0.012	0.018	0.531	0.004	0.011	0.471	0.464	0.542	0.530
  +0.000	  +0.800	 +15.000	 +20.000	0.470	0.010	0.003	0.535	0.004	0.016	0.467	0.469	0.551	0.535
  +0.800	  +1.442	 +15.000	 +20.000	0.467	0.012	0.009	0.506	0.004	0.003	0.462	0.459	0.503	0.506
  +1.442	  +1.566	 +15.000	 +20.000	0.314	0.024	0.058	0.272	0.008	0.039	0.301	0.371	0.310	0.277
  +1.566	  +2.000	 +15.000	 +20.000	0.402	0.013	0.003	0.420	0.004	0.004	0.399	0.402	0.424	0.420
  +2.000	  +2.500	 +15.000	 +20.000	0.370	0.013	0.005	0.358	0.004	0.005	0.367	0.366	0.363	0.359
  -2.500	  -2.000	 +20.000	 +35.000	0.449	0.003	0.004	0.498	0.001	0.004	0.449	0.454	0.499	0.494
  -2.000	  -1.566	 +20.000	 +35.000	0.517	0.003	0.006	0.561	0.001	0.005	0.514	0.523	0.562	0.556
  -1.566	  -1.442	 +20.000	 +35.000	0.391	0.006	0.013	0.399	0.002	0.011	0.387	0.403	0.402	0.389
  -1.442	  -0.800	 +20.000	 +35.000	0.566	0.002	0.003	0.630	0.001	0.007	0.565	0.563	0.631	0.623
  -0.800	  +0.000	 +20.000	 +35.000	0.593	0.002	0.005	0.674	0.001	0.006	0.592	0.588	0.677	0.668
  +0.000	  +0.800	 +20.000	 +35.000	0.616	0.002	0.008	0.682	0.001	0.005	0.614	0.609	0.683	0.677
  +0.800	  +1.442	 +20.000	 +35.000	0.572	0.002	0.004	0.628	0.001	0.007	0.570	0.568	0.629	0.621
  +1.442	  +1.566	 +20.000	 +35.000	0.375	0.005	0.060	0.391	0.002	0.011	0.374	0.436	0.396	0.381
  +1.566	  +2.000	 +20.000	 +35.000	0.519	0.003	0.004	0.564	0.001	0.006	0.516	0.522	0.565	0.558
  +2.000	  +2.500	 +20.000	 +35.000	0.447	0.003	0.002	0.494	0.001	0.004	0.446	0.449	0.493	0.490
  -2.500	  -2.000	 +35.000	 +50.000	0.546	0.003	0.002	0.595	0.001	0.002	0.546	0.545	0.593	0.595
  -2.000	  -1.566	 +35.000	 +50.000	0.623	0.002	0.005	0.672	0.001	0.001	0.621	0.619	0.673	0.672
  -1.566	  -1.442	 +35.000	 +50.000	0.536	0.005	0.003	0.573	0.002	0.002	0.536	0.533	0.571	0.574
  -1.442	  -0.800	 +35.000	 +50.000	0.681	0.001	0.004	0.745	0.001	0.001	0.681	0.677	0.744	0.745
  -0.800	  +0.000	 +35.000	 +50.000	0.703	0.001	0.002	0.790	0.001	0.000	0.703	0.701	0.791	0.790
  +0.000	  +0.800	 +35.000	 +50.000	0.731	0.001	0.003	0.796	0.001	0.000	0.730	0.728	0.796	0.796
  +0.800	  +1.442	 +35.000	 +50.000	0.691	0.001	0.004	0.746	0.001	0.000	0.691	0.687	0.746	0.747
  +1.442	  +1.566	 +35.000	 +50.000	0.524	0.005	0.001	0.568	0.002	0.005	0.525	0.525	0.563	0.568
  +1.566	  +2.000	 +35.000	 +50.000	0.627	0.002	0.002	0.679	0.001	0.002	0.626	0.625	0.677	0.679
  +2.000	  +2.500	 +35.000	 +50.000	0.548	0.003	0.003	0.593	0.001	0.001	0.546	0.545	0.592	0.594
  -2.500	  -2.000	 +50.000	 +90.000	0.591	0.007	0.011	0.643	0.002	0.009	0.590	0.579	0.635	0.643
  -2.000	  -1.566	 +50.000	 +90.000	0.676	0.005	0.010	0.727	0.002	0.004	0.675	0.666	0.730	0.725
  -1.566	  -1.442	 +50.000	 +90.000	0.575	0.010	0.014	0.617	0.004	0.005	0.574	0.561	0.612	0.618
  -1.442	  -0.800	 +50.000	 +90.000	0.710	0.003	0.010	0.785	0.001	0.001	0.710	0.700	0.786	0.784
  -0.800	  +0.000	 +50.000	 +90.000	0.729	0.002	0.006	0.825	0.001	0.001	0.729	0.723	0.824	0.825
  +0.000	  +0.800	 +50.000	 +90.000	0.760	0.002	0.010	0.828	0.001	0.001	0.760	0.750	0.829	0.828
  +0.800	  +1.442	 +50.000	 +90.000	0.730	0.003	0.013	0.784	0.001	0.002	0.730	0.717	0.786	0.783
  +1.442	  +1.566	 +50.000	 +90.000	0.560	0.011	0.024	0.611	0.004	0.009	0.552	0.537	0.602	0.611
  +1.566	  +2.000	 +50.000	 +90.000	0.673	0.005	0.012	0.733	0.002	0.003	0.673	0.662	0.736	0.732
  +2.000	  +2.500	 +50.000	 +90.000	0.589	0.007	0.014	0.640	0.002	0.002	0.587	0.575	0.638	0.640
  -2.500	  -2.000	 +90.000	+150.000	0.616	0.032	0.008	0.662	0.012	0.019	0.615	0.607	0.643	0.662
  -2.000	  -1.566	 +90.000	+150.000	0.778	0.024	0.022	0.751	0.008	0.012	0.757	0.773	0.763	0.754
  -1.566	  -1.442	 +90.000	+150.000	0.540	0.048	0.029	0.586	0.019	0.004	0.539	0.511	0.582	0.588
  -1.442	  -0.800	 +90.000	+150.000	0.760	0.013	0.006	0.801	0.005	0.005	0.758	0.755	0.806	0.801
  -0.800	  +0.000	 +90.000	+150.000	0.773	0.010	0.007	0.842	0.003	0.001	0.775	0.779	0.843	0.842
  +0.000	  +0.800	 +90.000	+150.000	0.798	0.010	0.005	0.841	0.003	0.002	0.793	0.798	0.841	0.839
  +0.800	  +1.442	 +90.000	+150.000	0.762	0.013	0.005	0.805	0.005	0.013	0.763	0.766	0.792	0.805
  +1.442	  +1.566	 +90.000	+150.000	0.609	0.044	0.024	0.628	0.019	0.021	0.603	0.632	0.608	0.634
  +1.566	  +2.000	 +90.000	+150.000	0.721	0.022	0.001	0.754	0.008	0.006	0.721	0.722	0.759	0.751
  +2.000	  +2.500	 +90.000	+150.000	0.652	0.030	0.006	0.666	0.012	0.017	0.656	0.656	0.650	0.672
  -2.500	  -2.000	+150.000	+500.000	0.555	0.084	0.033	0.643	0.029	0.054	0.527	0.572	0.696	0.636
  -2.000	  -1.566	+150.000	+500.000	0.711	0.050	0.013	0.702	0.019	0.043	0.701	0.703	0.745	0.705
  -1.566	  -1.442	+150.000	+500.000	0.521	0.111	0.011	0.658	0.036	0.117	0.519	0.532	0.541	0.650
  -1.442	  -0.800	+150.000	+500.000	0.700	0.031	0.033	0.790	0.009	0.019	0.671	0.686	0.809	0.786
  -0.800	  +0.000	+150.000	+500.000	0.762	0.021	0.009	0.837	0.007	0.018	0.754	0.760	0.855	0.837
  +0.000	  +0.800	+150.000	+500.000	0.817	0.020	0.012	0.844	0.007	0.001	0.805	0.814	0.845	0.843
  +0.800	  +1.442	+150.000	+500.000	0.790	0.028	0.012	0.808	0.009	0.017	0.778	0.788	0.792	0.806
  +1.442	  +1.566	+150.000	+500.000	0.636	0.088	0.019	0.542	0.042	0.031	0.618	0.629	0.573	0.547
  +1.566	  +2.000	+150.000	+500.000	0.550	0.044	0.008	0.740	0.018	0.034	0.544	0.546	0.706	0.739
  +2.000	  +2.500	+150.000	+500.000	0.591	0.072	0.009	0.592	0.029	0.037	0.586	0.583	0.629	0.588
