-2.50	-2.10	0.0	10.0		0.000	0.0	0.066
-2.50	-2.10	10.0	20.0		0.000	0.0	0.005
-2.50	-2.10	20.0	25.0		0.000	0.002	0.004
-2.50	-2.10	25.0	30.0		0.001	0.002	0.003
-2.50	-2.10	30.0	31.0		0.000	0.008	0.007
-2.50	-2.10	31.0	32.0		0.035	0.011	0.018
-2.50	-2.10	32.0	33.0		0.096	0.017	0.025
-2.50	-2.10	33.0	34.0		0.345	0.026	0.03
-2.50	-2.10	34.0	35.0		0.602	0.038	0.039
-2.50	-2.10	35.0	36.0		0.838	0.019	0.035
-2.50	-2.10	36.0	40.0		0.944	0.012	0.005
-2.50	-2.10	40.0	45.0		0.973	0.004	0.006
-2.50	-2.10	45.0	50.0		0.978	0.003	0.005
-2.50	-2.10	50.0	60.0		0.967	0.014	0.005
-2.50	-2.10	60.0	100.0		0.992	0.01	0.02
-2.50	-2.10	100.0	200.0		1.000	0.074	0.0
-2.10	-1.60	0.0	10.0		0.000	0.0	0.034
-2.10	-1.60	10.0	20.0		0.000	0.0	0.003
-2.10	-1.60	20.0	25.0		0.001	0.001	0.003
-2.10	-1.60	25.0	30.0		0.004	0.001	0.002
-2.10	-1.60	30.0	31.0		0.020	0.009	0.009
-2.10	-1.60	31.0	32.0		0.118	0.014	0.023
-2.10	-1.60	32.0	33.0		0.367	0.024	0.019
-2.10	-1.60	33.0	34.0		0.732	0.016	0.04
-2.10	-1.60	34.0	35.0		0.889	0.027	0.01
-2.10	-1.60	35.0	36.0		0.968	0.007	0.026
-2.10	-1.60	36.0	40.0		0.978	0.004	0.002
-2.10	-1.60	40.0	45.0		0.985	0.001	0.002
-2.10	-1.60	45.0	50.0		0.988	0.002	0.004
-2.10	-1.60	50.0	60.0		0.989	0.003	0.005
-2.10	-1.60	60.0	100.0		0.994	0.005	0.003
-2.10	-1.60	100.0	200.0		1.000	0.029	0.02
-1.60	-1.40	0.0	10.0		0.000	0.0	0.142
-1.60	-1.40	10.0	20.0		0.006	0.005	0.017
-1.60	-1.40	20.0	25.0		0.013	0.006	0.019
-1.60	-1.40	25.0	30.0		0.059	0.013	0.011
-1.60	-1.40	30.0	31.0		0.096	0.072	0.029
-1.60	-1.40	31.0	32.0		0.112	0.037	0.025
-1.60	-1.40	32.0	33.0		0.277	0.086	0.03
-1.60	-1.40	33.0	34.0		0.522	0.05	0.033
-1.60	-1.40	34.0	35.0		0.757	0.025	0.077
-1.60	-1.40	35.0	36.0		0.848	0.029	0.022
-1.60	-1.40	36.0	40.0		0.946	0.007	0.005
-1.60	-1.40	40.0	45.0		0.973	0.003	0.018
-1.60	-1.40	45.0	50.0		0.970	0.008	0.005
-1.60	-1.40	50.0	60.0		0.972	0.008	0.005
-1.60	-1.40	60.0	100.0		0.974	0.012	0.019
-1.60	-1.40	100.0	200.0		0.941	0.115	0.038
-1.40	-0.80	0.0	10.0		0.000	0.0	0.042
-1.40	-0.80	10.0	20.0		0.000	0.0	0.002
-1.40	-0.80	20.0	25.0		0.001	0.0	0.001
-1.40	-0.80	25.0	30.0		0.001	0.001	0.001
-1.40	-0.80	30.0	31.0		0.007	0.003	0.007
-1.40	-0.80	31.0	32.0		0.031	0.018	0.006
-1.40	-0.80	32.0	33.0		0.204	0.047	0.011
-1.40	-0.80	33.0	34.0		0.632	0.012	0.025
-1.40	-0.80	34.0	35.0		0.881	0.008	0.02
-1.40	-0.80	35.0	36.0		0.942	0.005	0.017
-1.40	-0.80	36.0	40.0		0.965	0.003	0.002
-1.40	-0.80	40.0	45.0		0.972	0.002	0.001
-1.40	-0.80	45.0	50.0		0.973	0.001	0.002
-1.40	-0.80	50.0	60.0		0.971	0.006	0.002
-1.40	-0.80	60.0	100.0		0.975	0.011	0.003
-1.40	-0.80	100.0	200.0		0.981	0.02	0.008
-0.80	0.00	0.0	10.0		0.000	0.0	0.047
-0.80	0.00	10.0	20.0		0.000	0.0	0.001
-0.80	0.00	20.0	25.0		0.000	0.0	0.001
-0.80	0.00	25.0	30.0		0.002	0.001	0.002
-0.80	0.00	30.0	31.0		0.010	0.002	0.008
-0.80	0.00	31.0	32.0		0.047	0.007	0.006
-0.80	0.00	32.0	33.0		0.278	0.015	0.011
-0.80	0.00	33.0	34.0		0.761	0.009	0.013
-0.80	0.00	34.0	35.0		0.934	0.006	0.011
-0.80	0.00	35.0	36.0		0.949	0.01	0.004
-0.80	0.00	36.0	40.0		0.963	0.001	0.005
-0.80	0.00	40.0	45.0		0.964	0.003	0.001
-0.80	0.00	45.0	50.0		0.967	0.003	0.001
-0.80	0.00	50.0	60.0		0.970	0.002	0.002
-0.80	0.00	60.0	100.0		0.967	0.012	0.004
-0.80	0.00	100.0	200.0		0.971	0.017	0.008
0.00	0.80	0.0	10.0		0.000	0.0	0.045
0.00	0.80	10.0	20.0		0.001	0.001	0.003
0.00	0.80	20.0	25.0		0.000	0.0	0.001
0.00	0.80	25.0	30.0		0.002	0.001	0.001
0.00	0.80	30.0	31.0		0.006	0.003	0.002
0.00	0.80	31.0	32.0		0.039	0.006	0.005
0.00	0.80	32.0	33.0		0.281	0.01	0.021
0.00	0.80	33.0	34.0		0.757	0.02	0.008
0.00	0.80	34.0	35.0		0.926	0.005	0.012
0.00	0.80	35.0	36.0		0.935	0.014	0.004
0.00	0.80	36.0	40.0		0.952	0.002	0.006
0.00	0.80	40.0	45.0		0.953	0.001	0.001
0.00	0.80	45.0	50.0		0.955	0.003	0.001
0.00	0.80	50.0	60.0		0.960	0.002	0.002
0.00	0.80	60.0	100.0		0.960	0.009	0.004
0.00	0.80	100.0	200.0		0.970	0.01	0.019
0.80	1.40	0.0	10.0		0.000	0.0	0.046
0.80	1.40	10.0	20.0		0.000	0.0	0.002
0.80	1.40	20.0	25.0		0.000	0.0	0.001
0.80	1.40	25.0	30.0		0.001	0.001	0.001
0.80	1.40	30.0	31.0		0.008	0.003	0.005
0.80	1.40	31.0	32.0		0.021	0.006	0.005
0.80	1.40	32.0	33.0		0.173	0.013	0.012
0.80	1.40	33.0	34.0		0.609	0.013	0.017
0.80	1.40	34.0	35.0		0.859	0.013	0.008
0.80	1.40	35.0	36.0		0.951	0.005	0.016
0.80	1.40	36.0	40.0		0.964	0.005	0.002
0.80	1.40	40.0	45.0		0.972	0.003	0.002
0.80	1.40	45.0	50.0		0.970	0.001	0.001
0.80	1.40	50.0	60.0		0.972	0.003	0.002
0.80	1.40	60.0	100.0		0.972	0.005	0.004
0.80	1.40	100.0	200.0		0.992	0.011	0.016
1.40	1.60	0.0	10.0		0.000	0.0	0.308
1.40	1.60	10.0	20.0		0.000	0.007	0.011
1.40	1.60	20.0	25.0		0.007	0.013	0.009
1.40	1.60	25.0	30.0		0.040	0.025	0.011
1.40	1.60	30.0	31.0		0.085	0.021	0.082
1.40	1.60	31.0	32.0		0.087	0.051	0.024
1.40	1.60	32.0	33.0		0.275	0.029	0.063
1.40	1.60	33.0	34.0		0.523	0.032	0.059
1.40	1.60	34.0	35.0		0.755	0.047	0.035
1.40	1.60	35.0	36.0		0.881	0.022	0.023
1.40	1.60	36.0	40.0		0.956	0.005	0.008
1.40	1.60	40.0	45.0		0.981	0.003	0.005
1.40	1.60	45.0	50.0		0.982	0.004	0.004
1.40	1.60	50.0	60.0		0.978	0.005	0.006
1.40	1.60	60.0	100.0		0.988	0.01	0.021
1.40	1.60	100.0	200.0		1.000	0.051	0.0
1.60	2.10	0.0	10.0		0.000	0.0	0.04
1.60	2.10	10.0	20.0		0.000	0.0	0.003
1.60	2.10	20.0	25.0		0.000	0.001	0.002
1.60	2.10	25.0	30.0		0.004	0.001	0.002
1.60	2.10	30.0	31.0		0.014	0.007	0.009
1.60	2.10	31.0	32.0		0.042	0.014	0.009
1.60	2.10	32.0	33.0		0.214	0.065	0.016
1.60	2.10	33.0	34.0		0.542	0.025	0.018
1.60	2.10	34.0	35.0		0.878	0.012	0.021
1.60	2.10	35.0	36.0		0.943	0.012	0.007
1.60	2.10	36.0	40.0		0.980	0.006	0.002
1.60	2.10	40.0	45.0		0.988	0.003	0.001
1.60	2.10	45.0	50.0		0.987	0.004	0.002
1.60	2.10	50.0	60.0		0.985	0.005	0.002
1.60	2.10	60.0	100.0		0.990	0.01	0.004
1.60	2.10	100.0	200.0		1.000	0.031	0.033
2.10	2.50	0.0	10.0		0.000	0.0	0.05
2.10	2.50	10.0	20.0		0.000	0.0	0.006
2.10	2.50	20.0	25.0		0.002	0.002	0.006
2.10	2.50	25.0	30.0		0.006	0.002	0.006
2.10	2.50	30.0	31.0		0.020	0.008	0.015
2.10	2.50	31.0	32.0		0.017	0.009	0.015
2.10	2.50	32.0	33.0		0.087	0.043	0.019
2.10	2.50	33.0	34.0		0.321	0.026	0.053
2.10	2.50	34.0	35.0		0.592	0.03	0.025
2.10	2.50	35.0	36.0		0.822	0.019	0.042
2.10	2.50	36.0	40.0		0.960	0.005	0.011
2.10	2.50	40.0	45.0		0.972	0.006	0.003
2.10	2.50	45.0	50.0		0.979	0.006	0.006
2.10	2.50	50.0	60.0		0.973	0.007	0.01
2.10	2.50	60.0	100.0		0.979	0.025	0.009
2.10	2.50	100.0	200.0		1.000	0.142	0.0
