-2.50	-2.10	0.0	10.0		0.000	0.0	0.064
-2.50	-2.10	10.0	20.0		0.000	0.0	0.006
-2.50	-2.10	20.0	25.0		0.000	0.0	0.005
-2.50	-2.10	25.0	30.0		0.004	0.002	0.005
-2.50	-2.10	30.0	31.0		0.005	0.004	0.013
-2.50	-2.10	31.0	32.0		0.036	0.012	0.028
-2.50	-2.10	32.0	33.0		0.087	0.029	0.037
-2.50	-2.10	33.0	34.0		0.282	0.052	0.03
-2.50	-2.10	34.0	35.0		0.600	0.066	0.03
-2.50	-2.10	35.0	36.0		0.799	0.031	0.024
-2.50	-2.10	36.0	40.0		0.955	0.006	0.005
-2.50	-2.10	40.0	45.0		0.981	0.003	0.005
-2.50	-2.10	45.0	50.0		0.979	0.008	0.003
-2.50	-2.10	50.0	60.0		0.989	0.007	0.007
-2.50	-2.10	60.0	100.0		0.981	0.022	0.01
-2.50	-2.10	100.0	200.0		1.000	0.103	0.0
-2.10	-1.60	0.0	10.0		0.000	0.0	0.074
-2.10	-1.60	10.0	20.0		0.000	0.0	0.004
-2.10	-1.60	20.0	25.0		0.000	0.0	0.003
-2.10	-1.60	25.0	30.0		0.006	0.002	0.004
-2.10	-1.60	30.0	31.0		0.022	0.007	0.01
-2.10	-1.60	31.0	32.0		0.089	0.023	0.015
-2.10	-1.60	32.0	33.0		0.306	0.038	0.026
-2.10	-1.60	33.0	34.0		0.640	0.053	0.02
-2.10	-1.60	34.0	35.0		0.883	0.017	0.024
-2.10	-1.60	35.0	36.0		0.970	0.007	0.012
-2.10	-1.60	36.0	40.0		0.978	0.004	0.005
-2.10	-1.60	40.0	45.0		0.985	0.004	0.001
-2.10	-1.60	45.0	50.0		0.987	0.002	0.003
-2.10	-1.60	50.0	60.0		0.990	0.004	0.008
-2.10	-1.60	60.0	100.0		0.981	0.016	0.006
-2.10	-1.60	100.0	200.0		0.966	0.06	0.022
-1.60	-1.40	0.0	10.0		0.000	0.0	0.185
-1.60	-1.40	10.0	20.0		0.000	0.0	0.013
-1.60	-1.40	20.0	25.0		0.026	0.01	0.026
-1.60	-1.40	25.0	30.0		0.067	0.012	0.033
-1.60	-1.40	30.0	31.0		0.106	0.026	0.057
-1.60	-1.40	31.0	32.0		0.140	0.042	0.033
-1.60	-1.40	32.0	33.0		0.260	0.068	0.044
-1.60	-1.40	33.0	34.0		0.566	0.051	0.104
-1.60	-1.40	34.0	35.0		0.794	0.03	0.03
-1.60	-1.40	35.0	36.0		0.898	0.03	0.019
-1.60	-1.40	36.0	40.0		0.962	0.006	0.017
-1.60	-1.40	40.0	45.0		0.966	0.004	0.005
-1.60	-1.40	45.0	50.0		0.977	0.006	0.007
-1.60	-1.40	50.0	60.0		0.983	0.005	0.017
-1.60	-1.40	60.0	100.0		0.943	0.041	0.014
-1.60	-1.40	100.0	200.0		1.000	0.062	0.027
-1.40	-0.80	0.0	10.0		0.000	0.0	0.06
-1.40	-0.80	10.0	20.0		0.000	0.0	0.003
-1.40	-0.80	20.0	25.0		0.002	0.001	0.004
-1.40	-0.80	25.0	30.0		0.002	0.002	0.001
-1.40	-0.80	30.0	31.0		0.005	0.004	0.006
-1.40	-0.80	31.0	32.0		0.030	0.014	0.007
-1.40	-0.80	32.0	33.0		0.206	0.026	0.014
-1.40	-0.80	33.0	34.0		0.626	0.015	0.018
-1.40	-0.80	34.0	35.0		0.877	0.009	0.011
-1.40	-0.80	35.0	36.0		0.944	0.009	0.008
-1.40	-0.80	36.0	40.0		0.967	0.004	0.002
-1.40	-0.80	40.0	45.0		0.972	0.003	0.001
-1.40	-0.80	45.0	50.0		0.973	0.003	0.002
-1.40	-0.80	50.0	60.0		0.971	0.003	0.002
-1.40	-0.80	60.0	100.0		0.979	0.005	0.006
-1.40	-0.80	100.0	200.0		0.979	0.027	0.011
-0.80	0.00	0.0	10.0		0.000	0.0	0.088
-0.80	0.00	10.0	20.0		0.000	0.0	0.002
-0.80	0.00	20.0	25.0		0.000	0.0	0.001
-0.80	0.00	25.0	30.0		0.001	0.002	0.001
-0.80	0.00	30.0	31.0		0.005	0.002	0.004
-0.80	0.00	31.0	32.0		0.031	0.006	0.007
-0.80	0.00	32.0	33.0		0.266	0.011	0.027
-0.80	0.00	33.0	34.0		0.791	0.009	0.031
-0.80	0.00	34.0	35.0		0.930	0.006	0.006
-0.80	0.00	35.0	36.0		0.956	0.005	0.005
-0.80	0.00	36.0	40.0		0.968	0.002	0.003
-0.80	0.00	40.0	45.0		0.966	0.006	0.001
-0.80	0.00	45.0	50.0		0.971	0.001	0.001
-0.80	0.00	50.0	60.0		0.971	0.004	0.003
-0.80	0.00	60.0	100.0		0.982	0.004	0.004
-0.80	0.00	100.0	200.0		0.982	0.014	0.009
0.00	0.80	0.0	10.0		0.000	0.0	0.051
0.00	0.80	10.0	20.0		0.000	0.0	0.002
0.00	0.80	20.0	25.0		0.000	0.001	0.001
0.00	0.80	25.0	30.0		0.002	0.001	0.002
0.00	0.80	30.0	31.0		0.008	0.002	0.005
0.00	0.80	31.0	32.0		0.037	0.005	0.014
0.00	0.80	32.0	33.0		0.267	0.026	0.013
0.00	0.80	33.0	34.0		0.756	0.016	0.011
0.00	0.80	34.0	35.0		0.923	0.01	0.007
0.00	0.80	35.0	36.0		0.944	0.007	0.006
0.00	0.80	36.0	40.0		0.956	0.002	0.002
0.00	0.80	40.0	45.0		0.957	0.002	0.001
0.00	0.80	45.0	50.0		0.961	0.002	0.002
0.00	0.80	50.0	60.0		0.961	0.006	0.002
0.00	0.80	60.0	100.0		0.963	0.009	0.004
0.00	0.80	100.0	200.0		0.971	0.012	0.016
0.80	1.40	0.0	10.0		0.000	0.0	0.058
0.80	1.40	10.0	20.0		0.000	0.0	0.003
0.80	1.40	20.0	25.0		0.000	0.0	0.001
0.80	1.40	25.0	30.0		0.002	0.001	0.002
0.80	1.40	30.0	31.0		0.001	0.005	0.003
0.80	1.40	31.0	32.0		0.027	0.006	0.007
0.80	1.40	32.0	33.0		0.174	0.021	0.012
0.80	1.40	33.0	34.0		0.584	0.032	0.014
0.80	1.40	34.0	35.0		0.873	0.009	0.02
0.80	1.40	35.0	36.0		0.937	0.015	0.008
0.80	1.40	36.0	40.0		0.971	0.002	0.004
0.80	1.40	40.0	45.0		0.973	0.001	0.002
0.80	1.40	45.0	50.0		0.976	0.002	0.005
0.80	1.40	50.0	60.0		0.973	0.005	0.002
0.80	1.40	60.0	100.0		0.973	0.01	0.004
0.80	1.40	100.0	200.0		0.994	0.014	0.024
1.40	1.60	0.0	10.0		0.000	0.0	0.264
1.40	1.60	10.0	20.0		0.000	0.0	0.013
1.40	1.60	20.0	25.0		0.009	0.007	0.016
1.40	1.60	25.0	30.0		0.031	0.014	0.015
1.40	1.60	30.0	31.0		0.092	0.05	0.034
1.40	1.60	31.0	32.0		0.126	0.037	0.032
1.40	1.60	32.0	33.0		0.201	0.113	0.054
1.40	1.60	33.0	34.0		0.477	0.051	0.041
1.40	1.60	34.0	35.0		0.654	0.11	0.032
1.40	1.60	35.0	36.0		0.875	0.025	0.032
1.40	1.60	36.0	40.0		0.952	0.009	0.006
1.40	1.60	40.0	45.0		0.974	0.01	0.003
1.40	1.60	45.0	50.0		0.980	0.007	0.004
1.40	1.60	50.0	60.0		0.980	0.006	0.01
1.40	1.60	60.0	100.0		0.965	0.023	0.017
1.40	1.60	100.0	200.0		1.000	0.053	0.0
1.60	2.10	0.0	10.0		0.000	0.0	0.071
1.60	2.10	10.0	20.0		0.000	0.0	0.004
1.60	2.10	20.0	25.0		0.002	0.001	0.005
1.60	2.10	25.0	30.0		0.004	0.003	0.005
1.60	2.10	30.0	31.0		0.012	0.005	0.018
1.60	2.10	31.0	32.0		0.031	0.01	0.014
1.60	2.10	32.0	33.0		0.123	0.019	0.018
1.60	2.10	33.0	34.0		0.413	0.034	0.022
1.60	2.10	34.0	35.0		0.781	0.05	0.016
1.60	2.10	35.0	36.0		0.934	0.01	0.01
1.60	2.10	36.0	40.0		0.981	0.003	0.005
1.60	2.10	40.0	45.0		0.989	0.001	0.001
1.60	2.10	45.0	50.0		0.990	0.004	0.003
1.60	2.10	50.0	60.0		0.986	0.006	0.003
1.60	2.10	60.0	100.0		0.983	0.02	0.006
1.60	2.10	100.0	200.0		1.000	0.035	0.0
2.10	2.50	0.0	10.0		0.000	0.0	0.068
2.10	2.50	10.0	20.0		0.000	0.0	0.007
2.10	2.50	20.0	25.0		0.000	0.0	0.005
2.10	2.50	25.0	30.0		0.003	0.002	0.004
2.10	2.50	30.0	31.0		0.000	0.005	0.008
2.10	2.50	31.0	32.0		0.019	0.009	0.024
2.10	2.50	32.0	33.0		0.042	0.029	0.016
2.10	2.50	33.0	34.0		0.198	0.056	0.026
2.10	2.50	34.0	35.0		0.469	0.038	0.033
2.10	2.50	35.0	36.0		0.768	0.031	0.027
2.10	2.50	36.0	40.0		0.952	0.008	0.006
2.10	2.50	40.0	45.0		0.975	0.003	0.008
2.10	2.50	45.0	50.0		0.969	0.012	0.004
2.10	2.50	50.0	60.0		0.967	0.019	0.006
2.10	2.50	60.0	100.0		0.975	0.019	0.024
2.10	2.50	100.0	200.0		0.944	0.141	0.058
