-2.40	-2.10	0.0	10.0		0.000	0.0	0.01
-2.40	-2.10	10.0	20.0		0.000	0.0	0.003
-2.40	-2.10	20.0	30.0		0.003	0.002	0.002
-2.40	-2.10	30.0	40.0		0.020	0.002	0.002
-2.40	-2.10	40.0	45.0		0.043	0.004	0.004
-2.40	-2.10	45.0	47.0		0.077	0.019	0.009
-2.40	-2.10	47.0	48.0		0.115	0.032	0.019
-2.40	-2.10	48.0	49.0		0.228	0.023	0.029
-2.40	-2.10	49.0	50.0		0.310	0.047	0.029
-2.40	-2.10	50.0	51.0		0.458	0.034	0.117
-2.40	-2.10	51.0	52.0		0.589	0.042	0.062
-2.40	-2.10	52.0	53.0		0.662	0.134	0.039
-2.40	-2.10	53.0	55.0		0.697	0.068	0.031
-2.40	-2.10	55.0	60.0		0.718	0.035	0.05
-2.40	-2.10	60.0	100.0		0.819	0.02	0.072
-2.40	-2.10	100.0	200.0		0.850	0.079	0.075
-2.10	-1.60	0.0	10.0		0.000	0.0	0.007
-2.10	-1.60	10.0	20.0		0.000	0.0	0.002
-2.10	-1.60	20.0	30.0		0.001	0.0	0.002
-2.10	-1.60	30.0	40.0		0.004	0.001	0.002
-2.10	-1.60	40.0	45.0		0.020	0.002	0.002
-2.10	-1.60	45.0	47.0		0.042	0.004	0.014
-2.10	-1.60	47.0	48.0		0.062	0.015	0.012
-2.10	-1.60	48.0	49.0		0.083	0.019	0.01
-2.10	-1.60	49.0	50.0		0.240	0.018	0.025
-2.10	-1.60	50.0	51.0		0.506	0.039	0.021
-2.10	-1.60	51.0	52.0		0.653	0.049	0.024
-2.10	-1.60	52.0	53.0		0.743	0.038	0.027
-2.10	-1.60	53.0	55.0		0.773	0.023	0.039
-2.10	-1.60	55.0	60.0		0.798	0.037	0.013
-2.10	-1.60	60.0	100.0		0.815	0.017	0.016
-2.10	-1.60	100.0	200.0		0.793	0.088	0.039
-1.60	-1.20	0.0	10.0		0.000	0.0	0.012
-1.60	-1.20	10.0	20.0		0.000	0.0	0.002
-1.60	-1.20	20.0	30.0		0.000	0.0	0.001
-1.60	-1.20	30.0	40.0		0.001	0.0	0.0
-1.60	-1.20	40.0	45.0		0.006	0.001	0.002
-1.60	-1.20	45.0	47.0		0.016	0.003	0.004
-1.60	-1.20	47.0	48.0		0.032	0.008	0.011
-1.60	-1.20	48.0	49.0		0.048	0.008	0.013
-1.60	-1.20	49.0	50.0		0.162	0.017	0.038
-1.60	-1.20	50.0	51.0		0.671	0.02	0.034
-1.60	-1.20	51.0	52.0		0.831	0.06	0.017
-1.60	-1.20	52.0	53.0		0.847	0.023	0.028
-1.60	-1.20	53.0	55.0		0.865	0.025	0.013
-1.60	-1.20	55.0	60.0		0.859	0.025	0.011
-1.60	-1.20	60.0	100.0		0.853	0.02	0.022
-1.60	-1.20	100.0	200.0		0.800	0.042	0.075
-1.20	-0.80	0.0	10.0		0.000	0.0	0.021
-1.20	-0.80	10.0	20.0		0.000	0.0	0.002
-1.20	-0.80	20.0	30.0		0.001	0.0	0.002
-1.20	-0.80	30.0	40.0		0.002	0.0	0.001
-1.20	-0.80	40.0	45.0		0.005	0.001	0.002
-1.20	-0.80	45.0	47.0		0.011	0.006	0.002
-1.20	-0.80	47.0	48.0		0.027	0.009	0.006
-1.20	-0.80	48.0	49.0		0.049	0.007	0.011
-1.20	-0.80	49.0	50.0		0.180	0.014	0.042
-1.20	-0.80	50.0	51.0		0.656	0.044	0.019
-1.20	-0.80	51.0	52.0		0.859	0.017	0.045
-1.20	-0.80	52.0	53.0		0.876	0.023	0.029
-1.20	-0.80	53.0	55.0		0.894	0.012	0.047
-1.20	-0.80	55.0	60.0		0.896	0.029	0.013
-1.20	-0.80	60.0	100.0		0.907	0.009	0.024
-1.20	-0.80	100.0	200.0		0.865	0.053	0.026
-0.80	-0.30	0.0	10.0		0.000	0.0	0.032
-0.80	-0.30	10.0	20.0		0.000	0.0	0.002
-0.80	-0.30	20.0	30.0		0.000	0.0	0.0
-0.80	-0.30	30.0	40.0		0.000	0.0	0.0
-0.80	-0.30	40.0	45.0		0.002	0.002	0.001
-0.80	-0.30	45.0	47.0		0.011	0.003	0.003
-0.80	-0.30	47.0	48.0		0.028	0.004	0.009
-0.80	-0.30	48.0	49.0		0.056	0.006	0.019
-0.80	-0.30	49.0	50.0		0.159	0.033	0.012
-0.80	-0.30	50.0	51.0		0.712	0.016	0.019
-0.80	-0.30	51.0	52.0		0.867	0.038	0.012
-0.80	-0.30	52.0	53.0		0.901	0.028	0.013
-0.80	-0.30	53.0	55.0		0.905	0.018	0.009
-0.80	-0.30	55.0	60.0		0.928	0.007	0.017
-0.80	-0.30	60.0	100.0		0.922	0.011	0.009
-0.80	-0.30	100.0	200.0		0.934	0.025	0.021
-0.30	-0.20	0.0	10.0		0.000	0.0	0.206
-0.30	-0.20	10.0	20.0		0.000	0.0	0.009
-0.30	-0.20	20.0	30.0		0.000	0.0	0.002
-0.30	-0.20	30.0	40.0		0.000	0.002	0.001
-0.30	-0.20	40.0	45.0		0.002	0.001	0.001
-0.30	-0.20	45.0	47.0		0.014	0.004	0.009
-0.30	-0.20	47.0	48.0		0.029	0.02	0.021
-0.30	-0.20	48.0	49.0		0.072	0.031	0.023
-0.30	-0.20	49.0	50.0		0.171	0.035	0.033
-0.30	-0.20	50.0	51.0		0.616	0.045	0.069
-0.30	-0.20	51.0	52.0		0.773	0.053	0.044
-0.30	-0.20	52.0	53.0		0.746	0.068	0.04
-0.30	-0.20	53.0	55.0		0.777	0.047	0.039
-0.30	-0.20	55.0	60.0		0.752	0.082	0.026
-0.30	-0.20	60.0	100.0		0.726	0.058	0.024
-0.30	-0.20	100.0	200.0		0.842	0.137	0.085
-0.20	0.20	0.0	10.0		0.000	0.0	0.071
-0.20	0.20	10.0	20.0		0.000	0.0	0.002
-0.20	0.20	20.0	30.0		0.000	0.0	0.0
-0.20	0.20	30.0	40.0		0.000	0.0	0.0
-0.20	0.20	40.0	45.0		0.003	0.001	0.002
-0.20	0.20	45.0	47.0		0.010	0.002	0.002
-0.20	0.20	47.0	48.0		0.016	0.009	0.004
-0.20	0.20	48.0	49.0		0.041	0.015	0.007
-0.20	0.20	49.0	50.0		0.172	0.014	0.015
-0.20	0.20	50.0	51.0		0.661	0.068	0.018
-0.20	0.20	51.0	52.0		0.846	0.023	0.018
-0.20	0.20	52.0	53.0		0.878	0.019	0.014
-0.20	0.20	53.0	55.0		0.901	0.011	0.015
-0.20	0.20	55.0	60.0		0.902	0.011	0.011
-0.20	0.20	60.0	100.0		0.902	0.008	0.029
-0.20	0.20	100.0	200.0		0.947	0.022	0.097
0.20	0.30	0.0	10.0		0.000	0.0	0.231
0.20	0.30	10.0	20.0		0.000	0.0	0.011
0.20	0.30	20.0	30.0		0.000	0.0	0.002
0.20	0.30	30.0	40.0		0.001	0.0	0.002
0.20	0.30	40.0	45.0		0.002	0.001	0.003
0.20	0.30	45.0	47.0		0.009	0.004	0.005
0.20	0.30	47.0	48.0		0.011	0.007	0.013
0.20	0.30	48.0	49.0		0.031	0.026	0.017
0.20	0.30	49.0	50.0		0.209	0.03	0.071
0.20	0.30	50.0	51.0		0.672	0.039	0.068
0.20	0.30	51.0	52.0		0.837	0.038	0.042
0.20	0.30	52.0	53.0		0.794	0.05	0.043
0.20	0.30	53.0	55.0		0.817	0.056	0.031
0.20	0.30	55.0	60.0		0.818	0.036	0.025
0.20	0.30	60.0	100.0		0.810	0.03	0.021
0.20	0.30	100.0	200.0		0.838	0.085	0.119
0.30	0.80	0.0	10.0		0.000	0.0	0.032
0.30	0.80	10.0	20.0		0.000	0.0	0.002
0.30	0.80	20.0	30.0		0.000	0.0	0.0
0.30	0.80	30.0	40.0		0.000	0.0	0.0
0.30	0.80	40.0	45.0		0.002	0.0	0.0
0.30	0.80	45.0	47.0		0.011	0.003	0.002
0.30	0.80	47.0	48.0		0.020	0.005	0.004
0.30	0.80	48.0	49.0		0.041	0.009	0.007
0.30	0.80	49.0	50.0		0.198	0.013	0.017
0.30	0.80	50.0	51.0		0.686	0.016	0.057
0.30	0.80	51.0	52.0		0.885	0.013	0.025
0.30	0.80	52.0	53.0		0.900	0.018	0.018
0.30	0.80	53.0	55.0		0.896	0.013	0.016
0.30	0.80	55.0	60.0		0.908	0.011	0.01
0.30	0.80	60.0	100.0		0.919	0.024	0.006
0.30	0.80	100.0	200.0		0.934	0.027	0.016
0.80	1.20	0.0	10.0		0.000	0.0	0.022
0.80	1.20	10.0	20.0		0.000	0.0	0.002
0.80	1.20	20.0	30.0		0.001	0.0	0.002
0.80	1.20	30.0	40.0		0.001	0.0	0.0
0.80	1.20	40.0	45.0		0.005	0.001	0.001
0.80	1.20	45.0	47.0		0.012	0.003	0.002
0.80	1.20	47.0	48.0		0.026	0.005	0.008
0.80	1.20	48.0	49.0		0.041	0.012	0.007
0.80	1.20	49.0	50.0		0.207	0.014	0.021
0.80	1.20	50.0	51.0		0.651	0.046	0.019
0.80	1.20	51.0	52.0		0.818	0.028	0.017
0.80	1.20	52.0	53.0		0.884	0.022	0.015
0.80	1.20	53.0	55.0		0.885	0.016	0.023
0.80	1.20	55.0	60.0		0.875	0.017	0.01
0.80	1.20	60.0	100.0		0.890	0.023	0.008
0.80	1.20	100.0	200.0		0.909	0.038	0.04
1.20	1.60	0.0	10.0		0.000	0.0	0.012
1.20	1.60	10.0	20.0		0.000	0.0	0.002
1.20	1.60	20.0	30.0		0.000	0.001	0.001
1.20	1.60	30.0	40.0		0.001	0.0	0.0
1.20	1.60	40.0	45.0		0.004	0.003	0.001
1.20	1.60	45.0	47.0		0.015	0.002	0.004
1.20	1.60	47.0	48.0		0.029	0.005	0.023
1.20	1.60	48.0	49.0		0.028	0.007	0.006
1.20	1.60	49.0	50.0		0.189	0.025	0.032
1.20	1.60	50.0	51.0		0.595	0.02	0.025
1.20	1.60	51.0	52.0		0.820	0.039	0.017
1.20	1.60	52.0	53.0		0.854	0.046	0.019
1.20	1.60	53.0	55.0		0.878	0.016	0.016
1.20	1.60	55.0	60.0		0.903	0.01	0.029
1.20	1.60	60.0	100.0		0.887	0.013	0.01
1.20	1.60	100.0	200.0		0.863	0.036	0.082
1.60	2.10	0.0	10.0		0.000	0.0	0.007
1.60	2.10	10.0	20.0		0.000	0.0	0.002
1.60	2.10	20.0	30.0		0.001	0.0	0.002
1.60	2.10	30.0	40.0		0.003	0.001	0.001
1.60	2.10	40.0	45.0		0.017	0.002	0.003
1.60	2.10	45.0	47.0		0.035	0.004	0.004
1.60	2.10	47.0	48.0		0.053	0.009	0.009
1.60	2.10	48.0	49.0		0.097	0.035	0.011
1.60	2.10	49.0	50.0		0.264	0.021	0.021
1.60	2.10	50.0	51.0		0.541	0.033	0.035
1.60	2.10	51.0	52.0		0.718	0.033	0.021
1.60	2.10	52.0	53.0		0.771	0.021	0.052
1.60	2.10	53.0	55.0		0.791	0.021	0.02
1.60	2.10	55.0	60.0		0.800	0.018	0.013
1.60	2.10	60.0	100.0		0.810	0.026	0.011
1.60	2.10	100.0	200.0		0.810	0.09	0.038
2.10	2.40	0.0	10.0		0.000	0.0	0.011
2.10	2.40	10.0	20.0		0.000	0.0	0.003
2.10	2.40	20.0	30.0		0.004	0.001	0.003
2.10	2.40	30.0	40.0		0.017	0.004	0.002
2.10	2.40	40.0	45.0		0.044	0.004	0.009
2.10	2.40	45.0	47.0		0.081	0.008	0.019
2.10	2.40	47.0	48.0		0.106	0.021	0.017
2.10	2.40	48.0	49.0		0.212	0.029	0.036
2.10	2.40	49.0	50.0		0.329	0.035	0.035
2.10	2.40	50.0	51.0		0.411	0.077	0.043
2.10	2.40	51.0	52.0		0.541	0.056	0.038
2.10	2.40	52.0	53.0		0.617	0.062	0.057
2.10	2.40	53.0	55.0		0.647	0.102	0.031
2.10	2.40	55.0	60.0		0.724	0.031	0.025
2.10	2.40	60.0	100.0		0.764	0.057	0.019
2.10	2.40	100.0	200.0		0.812	0.074	0.11
