### var1 :  Probe_eta 
### var2 :  Probe_pt 
###  eta Low  eta High  pt Low  pt High effData statErrData systErrData effMC statErrMC systErrMC effDataAltBkg effDataAltSig effMCAltMC effMCTagSel
  -2.500	  -2.000	 +10.000	 +15.000	0.026	0.001	0.000	0.035	0.002	0.002	0.025	0.026	0.036	0.035
  -2.000	  -1.566	 +10.000	 +15.000	0.067	0.002	0.003	0.066	0.003	0.003	0.064	0.067	0.068	0.064
  -1.566	  -1.442	 +10.000	 +15.000	0.078	0.006	0.010	0.062	0.007	0.013	0.072	0.086	0.075	0.061
  -1.442	  -0.800	 +10.000	 +15.000	0.138	0.003	0.005	0.130	0.004	0.006	0.134	0.136	0.136	0.128
  -0.800	  +0.000	 +10.000	 +15.000	0.137	0.002	0.002	0.165	0.004	0.002	0.135	0.135	0.167	0.164
  +0.000	  +0.800	 +10.000	 +15.000	0.157	0.002	0.004	0.180	0.004	0.011	0.153	0.158	0.169	0.178
  +0.800	  +1.442	 +10.000	 +15.000	0.129	0.003	0.005	0.131	0.004	0.006	0.124	0.129	0.126	0.131
  +1.442	  +1.566	 +10.000	 +15.000	0.048	0.004	0.005	0.045	0.006	0.006	0.045	0.044	0.050	0.042
  +1.566	  +2.000	 +10.000	 +15.000	0.046	0.002	0.001	0.055	0.003	0.002	0.045	0.047	0.056	0.056
  +2.000	  +2.500	 +10.000	 +15.000	0.042	0.001	0.001	0.054	0.003	0.003	0.041	0.042	0.051	0.054
  -2.500	  -2.000	 +15.000	 +20.000	0.128	0.002	0.001	0.150	0.003	0.006	0.127	0.127	0.144	0.149
  -2.000	  -1.566	 +15.000	 +20.000	0.205	0.002	0.004	0.239	0.004	0.002	0.203	0.201	0.238	0.240
  -1.566	  -1.442	 +15.000	 +20.000	0.161	0.004	0.001	0.181	0.007	0.016	0.162	0.162	0.165	0.176
  -1.442	  -0.800	 +15.000	 +20.000	0.281	0.002	0.008	0.311	0.004	0.005	0.277	0.274	0.316	0.312
  -0.800	  +0.000	 +15.000	 +20.000	0.317	0.002	0.006	0.353	0.003	0.004	0.312	0.315	0.356	0.354
  +0.000	  +0.800	 +15.000	 +20.000	0.335	0.002	0.002	0.362	0.003	0.008	0.333	0.335	0.369	0.360
  +0.800	  +1.442	 +15.000	 +20.000	0.277	0.002	0.010	0.309	0.004	0.002	0.273	0.267	0.307	0.309
  +1.442	  +1.566	 +15.000	 +20.000	0.140	0.004	0.008	0.135	0.006	0.013	0.137	0.132	0.147	0.139
  +1.566	  +2.000	 +15.000	 +20.000	0.160	0.002	0.004	0.200	0.004	0.006	0.159	0.157	0.194	0.200
  +2.000	  +2.500	 +15.000	 +20.000	0.147	0.002	0.006	0.174	0.004	0.003	0.146	0.142	0.171	0.173
  -2.500	  -2.000	 +20.000	 +35.000	0.310	0.001	0.006	0.352	0.001	0.006	0.309	0.316	0.354	0.347
  -2.000	  -1.566	 +20.000	 +35.000	0.399	0.001	0.014	0.464	0.001	0.008	0.391	0.411	0.466	0.457
  -1.566	  -1.442	 +20.000	 +35.000	0.301	0.001	0.046	0.322	0.002	0.009	0.298	0.347	0.327	0.315
  -1.442	  -0.800	 +20.000	 +35.000	0.462	0.001	0.005	0.521	0.001	0.007	0.460	0.467	0.524	0.514
  -0.800	  +0.000	 +20.000	 +35.000	0.509	0.001	0.004	0.557	0.001	0.007	0.507	0.513	0.561	0.551
  +0.000	  +0.800	 +20.000	 +35.000	0.507	0.001	0.004	0.552	0.001	0.007	0.504	0.510	0.555	0.546
  +0.800	  +1.442	 +20.000	 +35.000	0.451	0.001	0.007	0.502	0.001	0.008	0.447	0.456	0.506	0.495
  +1.442	  +1.566	 +20.000	 +35.000	0.278	0.001	0.040	0.308	0.002	0.013	0.276	0.318	0.317	0.298
  +1.566	  +2.000	 +20.000	 +35.000	0.356	0.001	0.006	0.431	0.001	0.008	0.354	0.361	0.432	0.423
  +2.000	  +2.500	 +20.000	 +35.000	0.310	0.001	0.004	0.364	0.001	0.006	0.308	0.313	0.367	0.359
  -2.500	  -2.000	 +35.000	 +50.000	0.382	0.001	0.004	0.435	0.001	0.001	0.380	0.378	0.434	0.435
  -2.000	  -1.566	 +35.000	 +50.000	0.472	0.001	0.006	0.551	0.001	0.002	0.470	0.467	0.549	0.551
  -1.566	  -1.442	 +35.000	 +50.000	0.425	0.001	0.007	0.459	0.001	0.003	0.423	0.419	0.456	0.460
  -1.442	  -0.800	 +35.000	 +50.000	0.534	0.001	0.005	0.598	0.001	0.001	0.533	0.529	0.598	0.598
  -0.800	  +0.000	 +35.000	 +50.000	0.577	0.001	0.004	0.627	0.001	0.000	0.576	0.573	0.627	0.627
  +0.000	  +0.800	 +35.000	 +50.000	0.570	0.001	0.004	0.617	0.001	0.001	0.569	0.565	0.616	0.617
  +0.800	  +1.442	 +35.000	 +50.000	0.523	0.001	0.006	0.581	0.001	0.002	0.522	0.517	0.580	0.581
  +1.442	  +1.566	 +35.000	 +50.000	0.405	0.001	0.005	0.448	0.001	0.002	0.404	0.400	0.446	0.448
  +1.566	  +2.000	 +35.000	 +50.000	0.447	0.001	0.005	0.534	0.001	0.001	0.446	0.443	0.533	0.534
  +2.000	  +2.500	 +35.000	 +50.000	0.380	0.001	0.004	0.446	0.001	0.001	0.379	0.377	0.445	0.446
  -2.500	  -2.000	 +50.000	 +90.000	0.421	0.001	0.012	0.474	0.002	0.001	0.421	0.409	0.473	0.474
  -2.000	  -1.566	 +50.000	 +90.000	0.502	0.001	0.012	0.588	0.002	0.001	0.503	0.491	0.586	0.587
  -1.566	  -1.442	 +50.000	 +90.000	0.471	0.002	0.012	0.507	0.004	0.007	0.470	0.459	0.501	0.503
  -1.442	  -0.800	 +50.000	 +90.000	0.543	0.001	0.009	0.613	0.001	0.002	0.543	0.534	0.612	0.611
  -0.800	  +0.000	 +50.000	 +90.000	0.608	0.001	0.009	0.664	0.001	0.001	0.608	0.599	0.664	0.663
  +0.000	  +0.800	 +50.000	 +90.000	0.600	0.001	0.008	0.656	0.001	0.001	0.600	0.592	0.656	0.655
  +0.800	  +1.442	 +50.000	 +90.000	0.529	0.001	0.008	0.596	0.001	0.001	0.529	0.520	0.595	0.595
  +1.442	  +1.566	 +50.000	 +90.000	0.449	0.002	0.013	0.477	0.004	0.009	0.446	0.437	0.485	0.474
  +1.566	  +2.000	 +50.000	 +90.000	0.493	0.001	0.011	0.582	0.002	0.001	0.493	0.483	0.582	0.580
  +2.000	  +2.500	 +50.000	 +90.000	0.417	0.001	0.013	0.483	0.002	0.004	0.417	0.405	0.487	0.484
  -2.500	  -2.000	 +90.000	+150.000	0.480	0.005	0.004	0.497	0.010	0.030	0.479	0.484	0.527	0.496
  -2.000	  -1.566	 +90.000	+150.000	0.545	0.004	0.005	0.606	0.008	0.017	0.542	0.542	0.590	0.610
  -1.566	  -1.442	 +90.000	+150.000	0.480	0.010	0.008	0.537	0.018	0.015	0.472	0.478	0.524	0.543
  -1.442	  -0.800	 +90.000	+150.000	0.576	0.003	0.006	0.606	0.006	0.016	0.570	0.575	0.622	0.607
  -0.800	  +0.000	 +90.000	+150.000	0.699	0.002	0.004	0.734	0.004	0.012	0.695	0.699	0.722	0.735
  +0.000	  +0.800	 +90.000	+150.000	0.696	0.002	0.005	0.726	0.004	0.007	0.691	0.696	0.719	0.726
  +0.800	  +1.442	 +90.000	+150.000	0.551	0.003	0.003	0.595	0.006	0.005	0.548	0.552	0.590	0.597
  +1.442	  +1.566	 +90.000	+150.000	0.468	0.010	0.021	0.512	0.018	0.029	0.448	0.465	0.484	0.507
  +1.566	  +2.000	 +90.000	+150.000	0.533	0.004	0.002	0.620	0.009	0.006	0.531	0.531	0.615	0.624
  +2.000	  +2.500	 +90.000	+150.000	0.455	0.005	0.001	0.535	0.010	0.033	0.455	0.454	0.502	0.531
  -2.500	  -2.000	+150.000	+500.000	0.396	0.011	0.008	0.512	0.024	0.073	0.395	0.405	0.439	0.502
  -2.000	  -1.566	+150.000	+500.000	0.493	0.009	0.007	0.537	0.017	0.031	0.494	0.500	0.567	0.546
  -1.566	  -1.442	+150.000	+500.000	0.445	0.018	0.012	0.462	0.035	0.011	0.437	0.436	0.451	0.462
  -1.442	  -0.800	+150.000	+500.000	0.534	0.006	0.006	0.605	0.011	0.023	0.528	0.536	0.582	0.609
  -0.800	  +0.000	+150.000	+500.000	0.719	0.005	0.010	0.743	0.008	0.013	0.711	0.714	0.756	0.746
  +0.000	  +0.800	+150.000	+500.000	0.711	0.005	0.004	0.741	0.008	0.006	0.707	0.711	0.735	0.742
  +0.800	  +1.442	+150.000	+500.000	0.517	0.006	0.007	0.555	0.011	0.003	0.510	0.518	0.555	0.558
  +1.442	  +1.566	+150.000	+500.000	0.415	0.019	0.010	0.461	0.037	0.059	0.415	0.424	0.402	0.469
  +1.566	  +2.000	+150.000	+500.000	0.485	0.009	0.004	0.567	0.017	0.009	0.484	0.489	0.574	0.571
  +2.000	  +2.500	+150.000	+500.000	0.416	0.011	0.014	0.427	0.023	0.023	0.411	0.403	0.447	0.438
