-2.40	-2.10	0.0	10.0		0.000	0.0	0.022
-2.40	-2.10	10.0	20.0		0.000	0.0	0.006
-2.40	-2.10	20.0	30.0		0.000	0.0	0.003
-2.40	-2.10	30.0	34.0		0.005	0.003	0.008
-2.40	-2.10	34.0	35.0		0.000	0.061	0.014
-2.40	-2.10	35.0	36.0		0.056	0.025	0.033
-2.40	-2.10	36.0	37.0		0.153	0.042	0.038
-2.40	-2.10	37.0	38.0		0.686	0.087	0.046
-2.40	-2.10	38.0	39.0		0.828	0.051	0.047
-2.40	-2.10	39.0	40.0		0.795	0.039	0.048
-2.40	-2.10	40.0	42.0		0.851	0.027	0.024
-2.40	-2.10	42.0	45.0		0.837	0.032	0.026
-2.40	-2.10	45.0	50.0		0.829	0.088	0.027
-2.40	-2.10	50.0	60.0		0.902	0.027	0.052
-2.40	-2.10	60.0	100.0		0.867	0.042	0.133
-2.40	-2.10	100.0	200.0		0.895	0.128	0.082
-2.10	-1.60	0.0	10.0		0.000	0.0	0.014
-2.10	-1.60	10.0	20.0		0.000	0.0	0.003
-2.10	-1.60	20.0	30.0		0.000	0.0	0.001
-2.10	-1.60	30.0	34.0		0.000	0.0	0.002
-2.10	-1.60	34.0	35.0		0.000	0.004	0.006
-2.10	-1.60	35.0	36.0		0.012	0.01	0.011
-2.10	-1.60	36.0	37.0		0.083	0.015	0.042
-2.10	-1.60	37.0	38.0		0.806	0.023	0.038
-2.10	-1.60	38.0	39.0		0.920	0.021	0.03
-2.10	-1.60	39.0	40.0		0.895	0.023	0.017
-2.10	-1.60	40.0	42.0		0.892	0.014	0.034
-2.10	-1.60	42.0	45.0		0.923	0.013	0.021
-2.10	-1.60	45.0	50.0		0.895	0.023	0.014
-2.10	-1.60	50.0	60.0		0.864	0.067	0.016
-2.10	-1.60	60.0	100.0		0.919	0.022	0.028
-2.10	-1.60	100.0	200.0		0.934	0.049	0.107
-1.60	-1.20	0.0	10.0		0.000	0.0	0.02
-1.60	-1.20	10.0	20.0		0.000	0.002	0.005
-1.60	-1.20	20.0	30.0		0.000	0.003	0.001
-1.60	-1.20	30.0	34.0		0.002	0.007	0.003
-1.60	-1.20	34.0	35.0		0.010	0.005	0.011
-1.60	-1.20	35.0	36.0		0.006	0.005	0.009
-1.60	-1.20	36.0	37.0		0.095	0.036	0.028
-1.60	-1.20	37.0	38.0		0.894	0.019	0.05
-1.60	-1.20	38.0	39.0		0.952	0.017	0.026
-1.60	-1.20	39.0	40.0		0.966	0.02	0.01
-1.60	-1.20	40.0	42.0		0.973	0.011	0.009
-1.60	-1.20	42.0	45.0		0.967	0.01	0.031
-1.60	-1.20	45.0	50.0		0.949	0.032	0.01
-1.60	-1.20	50.0	60.0		0.967	0.015	0.01
-1.60	-1.20	60.0	100.0		0.964	0.016	0.033
-1.60	-1.20	100.0	200.0		0.945	0.072	0.026
-1.20	-0.80	0.0	10.0		0.000	0.0	0.037
-1.20	-0.80	10.0	20.0		0.000	0.0	0.005
-1.20	-0.80	20.0	30.0		0.000	0.0	0.001
-1.20	-0.80	30.0	34.0		0.000	0.001	0.002
-1.20	-0.80	34.0	35.0		0.000	0.0	0.005
-1.20	-0.80	35.0	36.0		0.005	0.004	0.007
-1.20	-0.80	36.0	37.0		0.081	0.015	0.029
-1.20	-0.80	37.0	38.0		0.869	0.035	0.017
-1.20	-0.80	38.0	39.0		0.931	0.025	0.013
-1.20	-0.80	39.0	40.0		0.938	0.017	0.022
-1.20	-0.80	40.0	42.0		0.929	0.012	0.02
-1.20	-0.80	42.0	45.0		0.957	0.01	0.014
-1.20	-0.80	45.0	50.0		0.943	0.021	0.016
-1.20	-0.80	50.0	60.0		0.925	0.04	0.012
-1.20	-0.80	60.0	100.0		0.941	0.025	0.014
-1.20	-0.80	100.0	200.0		0.953	0.043	0.061
-0.80	-0.30	0.0	10.0		0.000	0.0	0.029
-0.80	-0.30	10.0	20.0		0.000	0.0	0.003
-0.80	-0.30	20.0	30.0		0.000	0.0	0.001
-0.80	-0.30	30.0	34.0		0.000	0.0	0.001
-0.80	-0.30	34.0	35.0		0.000	0.0	0.004
-0.80	-0.30	35.0	36.0		0.000	0.003	0.004
-0.80	-0.30	36.0	37.0		0.052	0.025	0.012
-0.80	-0.30	37.0	38.0		0.896	0.044	0.014
-0.80	-0.30	38.0	39.0		0.973	0.01	0.02
-0.80	-0.30	39.0	40.0		0.972	0.013	0.016
-0.80	-0.30	40.0	42.0		0.976	0.007	0.006
-0.80	-0.30	42.0	45.0		0.971	0.021	0.006
-0.80	-0.30	45.0	50.0		0.963	0.011	0.008
-0.80	-0.30	50.0	60.0		0.955	0.025	0.015
-0.80	-0.30	60.0	100.0		0.975	0.01	0.015
-0.80	-0.30	100.0	200.0		0.953	0.03	0.023
-0.30	-0.20	0.0	10.0		0.000	0.0	0.459
-0.30	-0.20	10.0	20.0		0.000	0.0	0.013
-0.30	-0.20	20.0	30.0		0.000	0.0	0.004
-0.30	-0.20	30.0	34.0		0.000	0.0	0.008
-0.30	-0.20	34.0	35.0		0.000	0.0	0.025
-0.30	-0.20	35.0	36.0		0.023	0.015	0.039
-0.30	-0.20	36.0	37.0		0.081	0.042	0.075
-0.30	-0.20	37.0	38.0		0.844	0.047	0.051
-0.30	-0.20	38.0	39.0		0.920	0.051	0.03
-0.30	-0.20	39.0	40.0		0.965	0.034	0.032
-0.30	-0.20	40.0	42.0		0.969	0.024	0.05
-0.30	-0.20	42.0	45.0		0.888	0.059	0.03
-0.30	-0.20	45.0	50.0		0.887	0.072	0.029
-0.30	-0.20	50.0	60.0		0.914	0.037	0.062
-0.30	-0.20	60.0	100.0		0.939	0.041	0.042
-0.30	-0.20	100.0	200.0		0.792	0.13	0.087
-0.20	0.20	0.0	10.0		0.000	0.0	0.051
-0.20	0.20	10.0	20.0		0.000	0.0	0.003
-0.20	0.20	20.0	30.0		0.000	0.0	0.001
-0.20	0.20	30.0	34.0		0.000	0.0	0.001
-0.20	0.20	34.0	35.0		0.000	0.0	0.005
-0.20	0.20	35.0	36.0		0.006	0.005	0.008
-0.20	0.20	36.0	37.0		0.035	0.026	0.011
-0.20	0.20	37.0	38.0		0.881	0.028	0.016
-0.20	0.20	38.0	39.0		0.957	0.012	0.009
-0.20	0.20	39.0	40.0		0.962	0.014	0.009
-0.20	0.20	40.0	42.0		0.980	0.007	0.037
-0.20	0.20	42.0	45.0		0.968	0.009	0.019
-0.20	0.20	45.0	50.0		0.967	0.01	0.016
-0.20	0.20	50.0	60.0		0.969	0.01	0.022
-0.20	0.20	60.0	100.0		0.954	0.03	0.012
-0.20	0.20	100.0	200.0		0.980	0.026	0.046
0.20	0.30	0.0	10.0		0.000	0.0	0.264
0.20	0.30	10.0	20.0		0.000	0.0	0.015
0.20	0.30	20.0	30.0		0.000	0.0	0.004
0.20	0.30	30.0	34.0		0.000	0.0	0.006
0.20	0.30	34.0	35.0		0.000	0.0	0.02
0.20	0.30	35.0	36.0		0.000	0.0	0.031
0.20	0.30	36.0	37.0		0.020	0.018	0.033
0.20	0.30	37.0	38.0		0.847	0.072	0.043
0.20	0.30	38.0	39.0		0.927	0.07	0.027
0.20	0.30	39.0	40.0		0.929	0.036	0.055
0.20	0.30	40.0	42.0		0.924	0.029	0.043
0.20	0.30	42.0	45.0		0.904	0.032	0.038
0.20	0.30	45.0	50.0		0.929	0.037	0.049
0.20	0.30	50.0	60.0		0.880	0.051	0.031
0.20	0.30	60.0	100.0		0.936	0.041	0.066
0.20	0.30	100.0	200.0		0.955	0.107	0.055
0.30	0.80	0.0	10.0		0.000	0.0	0.025
0.30	0.80	10.0	20.0		0.000	0.0	0.003
0.30	0.80	20.0	30.0		0.000	0.0	0.001
0.30	0.80	30.0	34.0		0.000	0.0	0.001
0.30	0.80	34.0	35.0		0.000	0.0	0.004
0.30	0.80	35.0	36.0		0.000	0.0	0.004
0.30	0.80	36.0	37.0		0.043	0.012	0.011
0.30	0.80	37.0	38.0		0.927	0.013	0.028
0.30	0.80	38.0	39.0		0.970	0.01	0.026
0.30	0.80	39.0	40.0		0.947	0.014	0.012
0.30	0.80	40.0	42.0		0.954	0.009	0.009
0.30	0.80	42.0	45.0		0.954	0.01	0.009
0.30	0.80	45.0	50.0		0.960	0.011	0.011
0.30	0.80	50.0	60.0		0.967	0.009	0.023
0.30	0.80	60.0	100.0		0.950	0.013	0.018
0.30	0.80	100.0	200.0		0.932	0.049	0.021
0.80	1.20	0.0	10.0		0.000	0.0	0.038
0.80	1.20	10.0	20.0		0.000	0.0	0.005
0.80	1.20	20.0	30.0		0.000	0.0	0.001
0.80	1.20	30.0	34.0		0.000	0.001	0.002
0.80	1.20	34.0	35.0		0.000	0.0	0.006
0.80	1.20	35.0	36.0		0.000	0.009	0.005
0.80	1.20	36.0	37.0		0.068	0.015	0.022
0.80	1.20	37.0	38.0		0.860	0.033	0.018
0.80	1.20	38.0	39.0		0.918	0.032	0.016
0.80	1.20	39.0	40.0		0.941	0.037	0.013
0.80	1.20	40.0	42.0		0.940	0.011	0.013
0.80	1.20	42.0	45.0		0.947	0.013	0.017
0.80	1.20	45.0	50.0		0.930	0.039	0.011
0.80	1.20	50.0	60.0		0.933	0.014	0.028
0.80	1.20	60.0	100.0		0.937	0.018	0.022
0.80	1.20	100.0	200.0		0.959	0.038	0.059
1.20	1.60	0.0	10.0		0.000	0.0	0.022
1.20	1.60	10.0	20.0		0.000	0.0	0.005
1.20	1.60	20.0	30.0		0.000	0.0	0.002
1.20	1.60	30.0	34.0		0.003	0.002	0.004
1.20	1.60	34.0	35.0		0.004	0.004	0.009
1.20	1.60	35.0	36.0		0.015	0.009	0.01
1.20	1.60	36.0	37.0		0.088	0.021	0.02
1.20	1.60	37.0	38.0		0.821	0.049	0.021
1.20	1.60	38.0	39.0		0.967	0.012	0.026
1.20	1.60	39.0	40.0		0.943	0.027	0.013
1.20	1.60	40.0	42.0		0.982	0.008	0.019
1.20	1.60	42.0	45.0		0.949	0.014	0.016
1.20	1.60	45.0	50.0		0.939	0.029	0.013
1.20	1.60	50.0	60.0		0.962	0.015	0.012
1.20	1.60	60.0	100.0		0.961	0.023	0.011
1.20	1.60	100.0	200.0		0.971	0.039	0.043
1.60	2.10	0.0	10.0		0.000	0.0	0.016
1.60	2.10	10.0	20.0		0.000	0.0	0.004
1.60	2.10	20.0	30.0		0.000	0.0	0.001
1.60	2.10	30.0	34.0		0.001	0.001	0.003
1.60	2.10	34.0	35.0		0.000	0.011	0.007
1.60	2.10	35.0	36.0		0.006	0.004	0.009
1.60	2.10	36.0	37.0		0.147	0.02	0.04
1.60	2.10	37.0	38.0		0.785	0.034	0.022
1.60	2.10	38.0	39.0		0.887	0.054	0.017
1.60	2.10	39.0	40.0		0.924	0.03	0.014
1.60	2.10	40.0	42.0		0.879	0.015	0.019
1.60	2.10	42.0	45.0		0.914	0.013	0.034
1.60	2.10	45.0	50.0		0.906	0.02	0.013
1.60	2.10	50.0	60.0		0.895	0.021	0.027
1.60	2.10	60.0	100.0		0.896	0.03	0.021
1.60	2.10	100.0	200.0		0.879	0.06	0.044
2.10	2.40	0.0	10.0		0.000	0.0	0.02
2.10	2.40	10.0	20.0		0.000	0.0	0.006
2.10	2.40	20.0	30.0		0.000	0.0	0.003
2.10	2.40	30.0	34.0		0.005	0.003	0.008
2.10	2.40	34.0	35.0		0.032	0.018	0.026
2.10	2.40	35.0	36.0		0.029	0.029	0.022
2.10	2.40	36.0	37.0		0.117	0.057	0.033
2.10	2.40	37.0	38.0		0.597	0.053	0.046
2.10	2.40	38.0	39.0		0.850	0.035	0.139
2.10	2.40	39.0	40.0		0.769	0.061	0.044
2.10	2.40	40.0	42.0		0.805	0.039	0.026
2.10	2.40	42.0	45.0		0.828	0.079	0.025
2.10	2.40	45.0	50.0		0.879	0.031	0.051
2.10	2.40	50.0	60.0		0.890	0.029	0.117
2.10	2.40	60.0	100.0		0.792	0.139	0.041
2.10	2.40	100.0	200.0		0.926	0.089	0.209
