# etamin  etamax  ptmin   ptmax   eff     deff_high       deff_low
  -2.40  -2.10  10.00  13.00         0.8909  0.0115  0.0103  
  -2.10  -1.60  10.00  13.00         0.9165  0.0085  0.0071  
  -1.60  -1.20  10.00  13.00         0.9317  0.0073  0.0076  
  -1.20  -0.80  10.00  13.00         0.9291  0.0085  0.0092  
  -0.80  -0.30  10.00  13.00         0.9455  0.0084  0.0092  
  -0.30  -0.20  10.00  13.00         0.7734  0.0437  0.0472  
  -0.20  0.20  10.00  13.00         0.9334  0.0120  0.0135  
  0.20  0.30  10.00  13.00         0.8014  0.0486  0.0498  
  0.30  0.80  10.00  13.00         0.9448  0.0083  0.0089  
  0.80  1.20  10.00  13.00         0.9221  0.0080  0.0086  
  1.20  1.60  10.00  13.00         0.9291  0.0074  0.0078  
  1.60  2.10  10.00  13.00         0.9232  0.0070  0.0073  
  2.10  2.40  10.00  13.00         0.8977  0.0117  0.0117  
  -2.40  -2.10  13.00  16.00         0.9036  0.0086  0.0096  
  -2.10  -1.60  13.00  16.00         0.9213  0.0055  0.0057  
  -1.60  -1.20  13.00  16.00         0.9457  0.0054  0.0053  
  -1.20  -0.80  13.00  16.00         0.9328  0.0058  0.0061  
  -0.80  -0.30  13.00  16.00         0.9440  0.0054  0.0057  
  -0.30  -0.20  13.00  16.00         0.8006  0.0273  0.0292  
  -0.20  0.20  13.00  16.00         0.9269  0.0086  0.0090  
  0.20  0.30  13.00  16.00         0.8236  0.0257  0.0284  
  0.30  0.80  13.00  16.00         0.9435  0.0053  0.0056  
  0.80  1.20  13.00  16.00         0.9305  0.0061  0.0065  
  1.20  1.60  13.00  16.00         0.9366  0.0058  0.0060  
  1.60  2.10  13.00  16.00         0.9302  0.0054  0.0054  
  2.10  2.40  13.00  16.00         0.9137  0.0081  0.0083  
  -2.40  -2.10  16.00  20.00         0.9122  0.0042  0.0043  
  -2.10  -1.60  16.00  20.00         0.9261  0.0042  0.0037  
  -1.60  -1.20  16.00  20.00         0.9467  0.0033  0.0034  
  -1.20  -0.80  16.00  20.00         0.9361  0.0039  0.0039  
  -0.80  -0.30  16.00  20.00         0.9467  0.0031  0.0032  
  -0.30  -0.20  16.00  20.00         0.8019  0.0149  0.0155  
  -0.20  0.20  16.00  20.00         0.9304  0.0048  0.0050  
  0.20  0.30  16.00  20.00         0.8249  0.0145  0.0149  
  0.30  0.80  16.00  20.00         0.9478  0.0033  0.0034  
  0.80  1.20  16.00  20.00         0.9314  0.0038  0.0039  
  1.20  1.60  16.00  20.00         0.9430  0.0034  0.0035  
  1.60  2.10  16.00  20.00         0.9290  0.0043  0.0042  
  2.10  2.40  16.00  20.00         0.9106  0.0058  0.0063  
  -2.40  -2.10  20.00  25.00         0.9183  0.0034  0.0034  
  -2.10  -1.60  20.00  25.00         0.9256  0.0024  0.0024  
  -1.60  -1.20  20.00  25.00         0.9506  0.0017  0.0017  
  -1.20  -0.80  20.00  25.00         0.9405  0.0023  0.0023  
  -0.80  -0.30  20.00  25.00         0.9503  0.0018  0.0019  
  -0.30  -0.20  20.00  25.00         0.8090  0.0082  0.0083  
  -0.20  0.20  20.00  25.00         0.9318  0.0024  0.0025  
  0.20  0.30  20.00  25.00         0.8410  0.0078  0.0084  
  0.30  0.80  20.00  25.00         0.9514  0.0019  0.0019  
  0.80  1.20  20.00  25.00         0.9359  0.0023  0.0024  
  1.20  1.60  20.00  25.00         0.9453  0.0023  0.0024  
  1.60  2.10  20.00  25.00         0.9323  0.0023  0.0024  
  2.10  2.40  20.00  25.00         0.9183  0.0036  0.0043  
  -2.40  -2.10  25.00  30.00         0.9273  0.0028  0.0028  
  -2.10  -1.60  25.00  30.00         0.9256  0.0021  0.0019  
  -1.60  -1.20  25.00  30.00         0.9515  0.0016  0.0016  
  -1.20  -0.80  25.00  30.00         0.9413  0.0017  0.0017  
  -0.80  -0.30  25.00  30.00         0.9505  0.0014  0.0013  
  -0.30  -0.20  25.00  30.00         0.8180  0.0052  0.0052  
  -0.20  0.20  25.00  30.00         0.9350  0.0016  0.0016  
  0.20  0.30  25.00  30.00         0.8454  0.0049  0.0050  
  0.30  0.80  25.00  30.00         0.9513  0.0013  0.0013  
  0.80  1.20  25.00  30.00         0.9362  0.0018  0.0018  
  1.20  1.60  25.00  30.00         0.9469  0.0018  0.0018  
  1.60  2.10  25.00  30.00         0.9325  0.0018  0.0018  
  2.10  2.40  25.00  30.00         0.9230  0.0028  0.0028  
  -2.40  -2.10  30.00  40.00         0.9301  0.0015  0.0015  
  -2.10  -1.60  30.00  40.00         0.9276  0.0010  0.0010  
  -1.60  -1.20  30.00  40.00         0.9494  0.0009  0.0009  
  -1.20  -0.80  30.00  40.00         0.9408  0.0009  0.0009  
  -0.80  -0.30  30.00  40.00         0.9477  0.0007  0.0007  
  -0.30  -0.20  30.00  40.00         0.8114  0.0027  0.0027  
  -0.20  0.20  30.00  40.00         0.9330  0.0008  0.0008  
  0.20  0.30  30.00  40.00         0.8446  0.0025  0.0025  
  0.30  0.80  30.00  40.00         0.9510  0.0006  0.0006  
  0.80  1.20  30.00  40.00         0.9371  0.0009  0.0009  
  1.20  1.60  30.00  40.00         0.9454  0.0009  0.0009  
  1.60  2.10  30.00  40.00         0.9316  0.0010  0.0010  
  2.10  2.40  30.00  40.00         0.9286  0.0015  0.0015  
  -2.40  -2.10  40.00  60.00         0.9310  0.0013  0.0013  
  -2.10  -1.60  40.00  60.00         0.9273  0.0008  0.0008  
  -1.60  -1.20  40.00  60.00         0.9416  0.0007  0.0007  
  -1.20  -0.80  40.00  60.00         0.9408  0.0007  0.0007  
  -0.80  -0.30  40.00  60.00         0.9490  0.0005  0.0005  
  -0.30  -0.20  40.00  60.00         0.8124  0.0023  0.0023  
  -0.20  0.20  40.00  60.00         0.9346  0.0007  0.0007  
  0.20  0.30  40.00  60.00         0.8446  0.0021  0.0021  
  0.30  0.80  40.00  60.00         0.9511  0.0005  0.0005  
  0.80  1.20  40.00  60.00         0.9373  0.0007  0.0007  
  1.20  1.60  40.00  60.00         0.9422  0.0010  0.0010  
  1.60  2.10  40.00  60.00         0.9314  0.0008  0.0008  
  2.10  2.40  40.00  60.00         0.9280  0.0013  0.0013  
  -2.40  -2.10  60.00  100.00         0.9258  0.0053  0.0045  
  -2.10  -1.60  60.00  100.00         0.9260  0.0026  0.0026  
  -1.60  -1.20  60.00  100.00         0.9016  0.0028  0.0029  
  -1.20  -0.80  60.00  100.00         0.9408  0.0021  0.0021  
  -0.80  -0.30  60.00  100.00         0.9467  0.0017  0.0017  
  -0.30  -0.20  60.00  100.00         0.8026  0.0074  0.0075  
  -0.20  0.20  60.00  100.00         0.9339  0.0022  0.0022  
  0.20  0.30  60.00  100.00         0.8336  0.0066  0.0068  
  0.30  0.80  60.00  100.00         0.9494  0.0017  0.0017  
  0.80  1.20  60.00  100.00         0.9374  0.0021  0.0021  
  1.20  1.60  60.00  100.00         0.9201  0.0027  0.0027  
  1.60  2.10  60.00  100.00         0.9296  0.0025  0.0025  
  2.10  2.40  60.00  100.00         0.9238  0.0045  0.0046  
  -2.40  -2.10  100.00  200.00         0.8979  0.0206  0.0216  
  -2.10  -1.60  100.00  200.00         0.8906  0.0097  0.0099  
  -1.60  -1.20  100.00  200.00         0.8198  0.0110  0.0113  
  -1.20  -0.80  100.00  200.00         0.9382  0.0061  0.0064  
  -0.80  -0.30  100.00  200.00         0.9418  0.0058  0.0066  
  -0.30  -0.20  100.00  200.00         0.8217  0.0192  0.0203  
  -0.20  0.20  100.00  200.00         0.9289  0.0066  0.0080  
  0.20  0.30  100.00  200.00         0.8340  0.0183  0.0193  
  0.30  0.80  100.00  200.00         0.9473  0.0049  0.0052  
  0.80  1.20  100.00  200.00         0.9238  0.0068  0.0082  
  1.20  1.60  100.00  200.00         0.8391  0.0100  0.0102  
  1.60  2.10  100.00  200.00         0.8874  0.0100  0.0100  
  2.10  2.40  100.00  200.00         0.8820  0.0200  0.0190  
