#
#    First two columns are Eta range.
#    Next 2 columns are PT range.
#    Column 5 & 6 shows the efficiency in data and statistical error.
#    Column 7 & 8 shows the efficiency in MC and statistical error.
#    Column 9 shows the systematics uncertainty because of changing signal PDF.
#    Column 10 shows the systematics uncertainty because of changing background PDF.
#    Column 11 - systematics after changing the fit range.
#    Column 12 - systematics because of NLO and LO MC sample.
#    Last two columns will be systematics because of Tag selection and PU reweighing. But their effect will be really small.
#
#
#      0.000   0.800   10.000  20.000  0.421   0.004   0.419   0.001   0.011   0.021   0.010   0.011   -1      -1      0.013
#      0.800   1.444   10.000  20.000  0.412   0.006   0.383   0.001   0.001   0.020   0.032   0.015   -1      -1      0.009
#      1.444   1.566   10.000  20.000  0.279   0.010   0.244   0.002   0.030   0.074   0.054   0.049   -1      -1      0.137
#      1.566   2.000   10.000  20.000  0.347   0.007   0.344   0.001   0.008   0.035   0.018   0.003   -1      -1      0.005
#      2.000   2.500   10.000  20.000  0.401   0.007   0.379   0.001   0.006   0.030   0.014   0.012   -1      -1      0.008
#      0.000   0.800   20.000  30.000  0.547   0.003   0.553   0.000   0.012   0.008   0.000   0.020   -1      -1      0.013
#      0.800   1.444   20.000  30.000  0.515   0.004   0.521   0.001   0.016   0.003   0.013   0.027   -1      -1      0.015
#      1.444   1.566   20.000  30.000  0.321   0.005   0.322   0.001   0.044   0.458   0.024   0.032   -1      -1      0.096
#      1.566   2.000   20.000  30.000  0.487   0.011   0.512   0.001   0.001   0.001   0.009   0.042   -1      -1      0.012
#      2.000   2.500   20.000  30.000  0.538   0.004   0.538   0.001   0.008   0.025   0.025   0.021   -1      -1      0.010
#      0.000   0.800   30.000  40.000  0.655   0.001   0.667   0.000   0.001   0.012   0.000   0.018   -1      -1      0.007
#      0.800   1.444   30.000  40.000  0.643   0.002   0.649   0.000   0.004   0.002   0.003   0.014   -1      -1      0.003
#      1.444   1.566   30.000  40.000  0.461   0.004   0.474   0.001   0.022   0.061   0.012   0.038   -1      -1      0.008
#      1.566   2.000   30.000  40.000  0.625   0.002   0.644   0.000   0.006   0.045   0.008   0.033   -1      -1      0.002
#      2.000   2.500   30.000  40.000  0.645   0.003   0.647   0.001   0.005   0.025   0.015   0.010   -1      -1      0.002
#      0.000   0.800   40.000  50.000  0.731   0.001   0.745   0.000   0.001   0.009   0.001   0.012   -1      -1      0.001
#      0.800   1.444   40.000  50.000  0.724   0.001   0.731   0.000   0.002   0.005   0.000   0.016   -1      -1      0.009
#      1.444   1.566   40.000  50.000  0.604   0.004   0.608   0.001   0.006   0.037   0.008   0.005   -1      -1      0.005
#      1.566   2.000   40.000  50.000  0.718   0.002   0.723   0.000   0.003   0.007   0.004   0.006   -1      -1      0.001
#      2.000   2.500   40.000  50.000  0.719   0.002   0.712   0.000   0.003   0.005   0.001   0.006   -1      -1      0.001
#      0.000   0.800   50.000  200.000 0.782   0.001   0.795   0.000   0.002   0.007   0.006   0.034   -1      -1      0.003
#      0.800   1.444   50.000  200.000 0.769   0.002   0.784   0.000   0.001   0.011   0.006   0.002   -1      -1      0.008
#      1.444   1.566   50.000  200.000 0.649   0.009   0.645   0.002   0.014   0.130   0.008   0.010   -1      -1      0.030
#      1.566   2.000   50.000  200.000 0.772   0.003   0.768   0.001   0.001   0.000   0.013   0.011   -1      -1      0.005
#      2.000   2.500   50.000  200.000 0.771   0.003   0.753   0.001   0.015   0.009   0.008   0.005   -1      -1      0.010
#
#
0.000   0.800   10.000  20.000  0.421   0.003   0.419   0.001   0.012   0.021   0.010   0.011   -1      -1      0.012
0.800   1.444   10.000  20.000  0.409   0.024   0.383   0.001   0.008   0.013   0.032   0.022   -1      -1      0.016
1.444   1.566   10.000  20.000  0.282   0.016   0.244   0.002   0.020   0.083   0.055   0.040   -1      -1      0.128
1.566   2.000   10.000  20.000  0.340   0.005   0.344   0.001   0.014   0.013   0.018   0.018   -1      -1      0.026
2.000   2.500   10.000  20.000  0.406   0.007   0.379   0.001   0.007   0.043   0.014   0.001   -1      -1      0.021
0.000   0.800   20.000  30.000  0.550   0.003   0.553   0.000   0.018   0.013   0.000   0.025   -1      -1      0.008
0.800   1.444   20.000  30.000  0.515   0.003   0.521   0.001   0.016   0.003   0.013   0.027   -1      -1      0.014
1.444   1.566   20.000  30.000  0.330   0.010   0.322   0.001   0.073   0.430   0.025   0.003   -1      -1      0.068
1.566   2.000   20.000  30.000  0.487   0.004   0.512   0.001   0.002   0.001   0.009   0.042   -1      -1      0.012
2.000   2.500   20.000  30.000  0.541   0.003   0.538   0.001   0.013   0.030   0.026   0.027   -1      -1      0.005
0.000   0.800   30.000  40.000  0.645   0.001   0.667   0.000   0.014   0.028   0.000   0.003   -1      -1      0.008
0.800   1.444   30.000  40.000  0.628   0.001   0.649   0.000   0.019   0.021   0.003   0.009   -1      -1      0.026
1.444   1.566   30.000  40.000  0.459   0.004   0.474   0.001   0.027   0.065   0.012   0.034   -1      -1      0.012
1.566   2.000   30.000  40.000  0.621   0.003   0.644   0.000   0.001   0.040   0.008   0.028   -1      -1      0.003
2.000   2.500   30.000  40.000  0.642   0.006   0.647   0.001   0.000   0.020   0.015   0.005   -1      -1      0.007
0.000   0.800   40.000  50.000  0.731   0.001   0.745   0.000   0.001   0.009   0.001   0.012   -1      -1      0.001
0.800   1.444   40.000  50.000  0.722   0.002   0.731   0.000   0.000   0.006   0.000   0.014   -1      -1      0.007
1.444   1.566   40.000  50.000  0.605   0.004   0.608   0.001   0.007   0.036   0.008   0.007   -1      -1      0.007
1.566   2.000   40.000  50.000  0.718   0.002   0.723   0.000   0.002   0.007   0.004   0.005   -1      -1      0.001
2.000   2.500   40.000  50.000  0.719   0.002   0.712   0.000   0.002   0.004   0.001   0.006   -1      -1      0.000
0.000   0.800   50.000  200.000 0.782   0.001   0.795   0.000   0.002   0.007   0.006   0.034   -1      -1      0.003
0.800   1.444   50.000  200.000 0.770   0.002   0.784   0.000   0.001   0.010   0.006   0.003   -1      -1      0.007
1.444   1.566   50.000  200.000 0.615   0.011   0.645   0.002   0.039   0.183   0.007   0.064   -1      -1      0.083
1.566   2.000   50.000  200.000 0.772   0.003   0.768   0.001   0.001   0.000   0.013   0.011   -1      -1      0.005
2.000   2.500   50.000  200.000 0.772   0.003   0.753   0.001   0.016   0.010   0.008   0.006   -1      -1      0.009