#
#    First two columns are Eta range.
#    Next 2 columns are PT range.
#    Column 5 & 6 & 7 shows the efficiency in data and statistical error.
#    Column 8 & 9 & 10 shows the efficiency in MC and statistical error.
#    Column 11 onwards (if available) shows the systematics uncertainty 
#
#    
#                                                 data                                                      MC
#     etamin  etamax  ptmin   ptmax   eff     deff_high       deff_low                      eff     deff_high       deff_low
-2.4    -2.1    10      13      1       0        0.0181651                                 0.982565        0.0174347        0.0218963
-2.1    -1.6    10      13      0.999773        0.000227355      0.0533268                 0.992827        0.00717338       0.014815
-1.6    -1.2    10      13      1       0        0.0292403                                 0.985182        0.0148177        0.0197917
-1.2    -0.8    10      13      0.834721        0.0494501        0.0448566                 1       0        0.0159829
-0.8    -0.3    10      13      0.965164        0.034836         0.0782592                 1       0        0.00878139
-0.3    0.3     10      13      0.999997        3.15305e-06      0.0788906                 1       0        0.025214
0.3     0.8     10      13      0.934006        0.0659937        0.0778326                 0.911798        0.0324062        0.0313883
0.8     1.2     10      13      0.855612        0.0579545        0.0521479                 0.962559        0.0249704        0.0245473
1.2     1.6     10      13      0.879197        0.0571584        0.0512556                 0.983284        0.0167165        0.0196
1.6     2.1     10      13      0.853879        0.04376  0.0401233                         0.992703        0.00729666       0.0169208
2.1     2.4     10      13      1       0        0.0420857                                 0.959085        0.0219468        0.0218103
-2.4    -2.1    13      16      1       0        0.0172239                                 0.945232        0.0129677        0.0126817
-2.1    -1.6    13      16      0.993861        0.0061389        0.0250283                 1       4.3206e-06       4.3206e-06
-1.6    -1.2    13      16      0.974728        0.0252718        0.0311548                 0.989673        0.00982288       0.0102177
-1.2    -0.8    13      16      1       0        0.0322007                                 0.995077        0.00492264       0.0116317
-0.8    -0.3    13      16      0.934263        0.0386951        0.0364837                 1       0        0.00728289
-0.3    0.3     13      16      0.964076        0.0359245        0.0450039                 0.95687 0.020001         0.0197619
0.3     0.8     13      16      0.977825        0.0221754        0.0406021                 0.991698        0.00830201       0.0157327
0.8     1.2     13      16      0.906091        0.0315418        0.0297969                 0.9853  0.0122481        0.0123598
1.2     1.6     13      16      0.96444 0.0316172        0.030346                          0.983479        0.0123828        0.0125488
1.6     2.1     13      16      0.990924        0.00907567       0.025652                  0.989808        0.00926992       0.00944976
2.1     2.4     13      16      1       0        0.0272664                                 0.965084        0.0117974        0.0121163
-2.4    -2.1    16      20      0.921756        0.0145229        0.0143217                 0.96647 0.00619168       0.00640757
-2.1    -1.6    16      20      0.981648        0.0109708        0.0110024                 0.990815        0.00407236       0.0042048
-1.6    -1.2    16      20      0.999653        0.00034686       0.0133293                 0.98239 0.00502008       0.00515863
-1.2    -0.8    16      20      0.961179        0.0130501        0.0129385                 0.991722        0.00552769       0.00568984
-0.8    -0.3    16      20      0.92935 0.0137619        0.0135214                         0.985148        0.00572595       0.00585906
-0.3    0.3     16      20      0.933982        0.0165226        0.0163022                 0.983492        0.00745837       0.00753276
0.3     0.8     16      20      0.961948        0.0146961        0.0145468                 0.981712        0.00593417       0.00605198
0.8     1.2     16      20      0.951335        0.0137396        0.0135848                 0.991104        0.00526424       0.0054221
1.2     1.6     16      20      0.995299        0.00470062       0.0140028                 0.997037        0.00296324       0.00541878
1.6     2.1     16      20      0.993456        0.00654355       0.0112993                 0.986958        0.00436328       0.00449222
2.1     2.4     16      20      0.945365        0.0144639        0.0143336                 0.976321        0.00626035       0.00646572
-2.4    -2.1    20      25      0.931414        0.0112569        0.0112456                 0.981877        0.00310293       0.00322423
-2.1    -1.6    20      25      0.981212        0.00753259       0.00757952                0.997121        0.00174332       0.00181972
-1.6    -1.2    20      25      0.991746        0.00825376       0.00896479                0.99023 0.00234478       0.00243485
-1.2    -0.8    20      25      0.982063        0.0093239        0.0093198                 0.99028 0.00236891       0.00244763
-0.8    -0.3    20      25      0.98136 0.00870985       0.00882689                        0.988167        0.00223167       0.00228945
-0.3    0.3     20      25      0.964914        0.00894246       0.00893204                0.980754        0.00249099       0.00254223
0.3     0.8     20      25      0.986299        0.00894406       0.00895003                0.988663        0.00228028       0.0023409
0.8     1.2     20      25      0.976513        0.00947049       0.00948038                0.989308        0.00248432       0.00256374
1.2     1.6     20      25      0.998353        0.00164677       0.0102169                 0.991995        0.00249255       0.00257622
1.6     2.1     20      25      0.999999        0        0.00409838                        0.991445        0.00205438       0.00212807
2.1     2.4     20      25      0.940176        0.0111653        0.0111858                 0.978027        0.00304416       0.00315954
-2.4    -2.1    25      30      0.94497 0.00726533       0.00735296                        0.98176 0.00218317       0.00227842
-2.1    -1.6    25      30      0.985261        0.00430883       0.00438042                0.993647        0.00110125       0.00115114
-1.6    -1.2    25      30      0.990762        0.00483666       0.00494852                0.995061        0.0013048        0.00136432
-1.2    -0.8    25      30      0.975641        0.00504388       0.00507466                0.993509        0.00136896       0.00145022
-0.8    -0.3    25      30      0.977001        0.00434441       0.00437461                0.992124        0.00115105       0.00118784
-0.3    0.3     25      30      0.970063        0.0036913        0.00372805                0.98451 0.00111214       0.00113672
0.3     0.8     25      30      0.982112        0.00424705       0.00435322                0.992441        0.00112743       0.00116104
0.8     1.2     25      30      0.979676        0.00504895       0.00513683                0.992351        0.00141069       0.00146275
1.2     1.6     25      30      0.984121        0.00506041       0.00514168                0.994523        0.0014088        0.00146751
1.6     2.1     25      30      0.983704        0.00427728       0.00434263                0.99458 0.00121187       0.00126087
2.1     2.4     25      30      0.950563        0.00689047       0.0069763                 0.983693        0.00204388       0.00211957
-2.4    -2.1    30      35      0.948302        0.00496455       0.00503786                0.984346        0.00165989       0.0017215
-2.1    -1.6    30      35      0.982953        0.00277899       0.00283657                0.995379        0.000769029      0.000802949
-1.6    -1.2    30      35      0.989501        0.00304053       0.00310987                0.995156        0.000900274      0.0009459
-1.2    -0.8    30      35      0.982998        0.0029269        0.00298534                0.993874        0.00089046       0.000926599
-0.8    -0.3    30      35      0.984104        0.00228302       0.00230424                0.994384        0.000667016      0.000686325
-0.3    0.3     30      35      0.970661        0.00218379       0.00221256                0.984931        0.000773281      0.000784451
0.3     0.8     30      35      0.983884        0.00229455       0.00233112                0.993301        0.000683966      0.000706621
0.8     1.2     30      35      0.981736        0.00294313       0.00297239                0.992722        0.000917048      0.000952693
1.2     1.6     30      35      0.994389        0.0032335        0.00330918                0.99566 0.000939111      0.000982978
1.6     2.1     30      35      0.989051        0.00272189       0.00278403                0.996257        0.000776584      0.000812699
2.1     2.4     30      35      0.942555        0.00506148       0.00517298                0.983421        0.00161975       0.00168222
-2.4    -2.1    35      40      0.949548        0.00400555       0.00407268                0.984803        0.00135953       0.00141114
-2.1    -1.6    35      40      0.984638        0.002021         0.00206387                0.996334        0.000535164      0.000559066
-1.6    -1.2    35      40      0.994448        0.00180527       0.00186182                0.995086        0.000624752      0.000654584
-1.2    -0.8    35      40      0.987705        0.00170229       0.00175135                0.991998        0.000645646      0.000665241
-0.8    -0.3    35      40      0.983191        0.00154494       0.00157309                0.994586        0.000466557      0.000482166
-0.3    0.3     35      40      0.96967 0.00159695       0.00161766                        0.986228        0.000597425      0.000608375
0.3     0.8     35      40      0.984418        0.00151743       0.00154145                0.993594        0.000497611      0.00051328
0.8     1.2     35      40      0.984137        0.00179092       0.00182808                0.992309        0.000650495      0.000676905
1.2     1.6     35      40      0.993747        0.00198702       0.00204742                0.996262        0.000615524      0.000644158
1.6     2.1     35      40      0.986191        0.00190267       0.00195172                0.995507        0.000580781      0.000606096
2.1     2.4     35      40      0.951368        0.00381557       0.00389164                0.984649        0.0012849        0.00132651
-2.4    -2.1    40      60      0.94393 0.00249083       0.00251457                        0.98396 0.000823182      0.000842138
-2.1    -1.6    40      60      0.985447        0.00098901       0.00101224                0.99716 0.000270283      0.000279586
-1.6    -1.2    40      60      0.992373        0.000885119      0.00090451                0.995734        0.000317255      0.000326136
-1.2    -0.8    40      60      0.987435        0.00091133       0.000928314               0.993348        0.000343084      0.000351976
-0.8    -0.3    40      60      0.98379 0.000885567      0.000899271                       0.995072        0.000271787      0.000280182
-0.3    0.3     40      60      0.971991        0.000950298      0.000958323               0.986142        0.000378732      0.000382878
0.3     0.8     40      60      0.987279        0.000840052      0.000856827               0.994305        0.000288531      0.000294705
0.8     1.2     40      60      0.984165        0.000962568      0.000962568               0.993803        0.000341831      0.000348845
1.2     1.6     40      60      0.992478        0.000981483      0.000997867               0.996743        0.000303335      0.000313517
1.6     2.1     40      60      0.989182        0.000940138      0.000958134               0.996543        0.000288691      0.000298786
2.1     2.4     40      60      0.943966        0.00243855       0.00247102                0.985366        0.000787097      0.000808399
-2.4    -2.1    60      100     0.938098        0.0121421        0.0122007                 0.988979        0.00346058       0.00346058
-2.1    -1.6    60      100     0.981994        0.00495448       0.00507341                0.996055        0.00121622       0.00131151
-1.6    -1.2    60      100     0.991166        0.00500862       0.00507273                0.99619 0.00134876       0.00144736
-1.2    -0.8    60      100     0.98003 0.00462599       0.00474103                        0.992506        0.00137477       0.0014505
-0.8    -0.3    60      100     0.973266        0.0045093        0.00458317                0.994343        0.00110446       0.00116574
-0.3    0.3     60      100     0.966195        0.00449082       0.00454946                0.987204        0.00132036       0.00136931
0.3     0.8     60      100     0.983162        0.00434877       0.00442934                0.994212        0.00110025       0.00116752
0.8     1.2     60      100     0.982203        0.00458915       0.00469991                0.992138        0.00143266       0.00152229
1.2     1.6     60      100     0.991229        0.00614462       0.00625155                0.99796 0.0013802        0.0014739
1.6     2.1     60      100     0.985567        0.00490106       0.00504603                0.995792        0.0013963        0.00148751
2.1     2.4     60      100     0.948495        0.011199         0.0113759                 0.983522        0.0030907        0.00326431
-2.4    -2.1    100     200     1       0        0.074562                                  0.999995        4.61343e-06      0.0132741
-2.1    -1.6    100     200     0.999999        0        0.0223558                         0.999999        0        0.00556471
-1.6    -1.2    100     200     0.982599        0.0174009        0.0228073                 0.999886        0.000113918      0.00556533
-1.2    -0.8    100     200     0.973065        0.0203434        0.0206594                 1       0        0.00177168
-0.8    -0.3    100     200     0.954512        0.0197724        0.0199018                 0.994221        0.0044258        0.00500797
-0.3    0.3     100     200     0.962194        0.0196006        0.0194939                 0.995848        0.0041524        0.00466577
0.3     0.8     100     200     0.96288 0.0198045        0.0199256                         0.991057        0.00438467       0.00491581
0.8     1.2     100     200     0.967101        0.0201072        0.0205729                 0.988334        0.00568511       0.00633922
1.2     1.6     100     200     1       0        0.0193074                                 1       0        0.00449781
1.6     2.1     100     200     0.982007        0.0179931        0.0260061                 0.991429        0.00591698       0.00679639
2.1     2.4     100     200     0.98828 0.0117197        0.0682087                         1       0        0.0116187