-2.40	-2.10	0.0	10.0		0.000	0.000	0.004
-2.40	-2.10	10.0	20.0		0.001	0.001	0.001
-2.40	-2.10	20.0	21.0		0.003	0.002	0.007
-2.40	-2.10	21.0	22.0		0.060	0.012	0.014
-2.40	-2.10	22.0	23.0		0.201	0.020	0.021
-2.40	-2.10	23.0	24.0		0.501	0.024	0.024
-2.40	-2.10	24.0	25.0		0.634	0.023	0.022
-2.40	-2.10	25.0	26.0		0.713	0.019	0.019
-2.40	-2.10	26.0	30.0		0.768	0.008	0.007
-2.40	-2.10	30.0	35.0		0.797	0.005	0.005
-2.40	-2.10	35.0	40.0		0.823	0.004	0.004
-2.40	-2.10	40.0	45.0		0.843	0.004	0.004
-2.40	-2.10	45.0	50.0		0.841	0.005	0.005
-2.40	-2.10	50.0	60.0		0.846	0.006	0.006
-2.40	-2.10	60.0	100.0		0.853	0.010	0.010
-2.40	-2.10	100.0	200.0		0.860	0.037	0.031
-2.10	-1.60	0.0	10.0		0.000	0.000	0.003
-2.10	-1.60	10.0	20.0		0.000	0.000	0.001
-2.10	-1.60	20.0	21.0		0.002	0.001	0.004
-2.10	-1.60	21.0	22.0		0.013	0.004	0.006
-2.10	-1.60	22.0	23.0		0.106	0.011	0.013
-2.10	-1.60	23.0	24.0		0.690	0.016	0.016
-2.10	-1.60	24.0	25.0		0.837	0.013	0.012
-2.10	-1.60	25.0	26.0		0.823	0.012	0.012
-2.10	-1.60	26.0	30.0		0.870	0.004	0.004
-2.10	-1.60	30.0	35.0		0.865	0.003	0.003
-2.10	-1.60	35.0	40.0		0.866	0.003	0.003
-2.10	-1.60	40.0	45.0		0.871	0.002	0.002
-2.10	-1.60	45.0	50.0		0.876	0.003	0.003
-2.10	-1.60	50.0	60.0		0.874	0.004	0.003
-2.10	-1.60	60.0	100.0		0.879	0.006	0.006
-2.10	-1.60	100.0	200.0		0.866	0.022	0.019
-1.60	-1.20	0.0	10.0		0.000	0.000	0.004
-1.60	-1.20	10.0	20.0		0.002	0.001	0.002
-1.60	-1.20	20.0	21.0		0.020	0.007	0.009
-1.60	-1.20	21.0	22.0		0.026	0.007	0.009
-1.60	-1.20	22.0	23.0		0.123	0.013	0.014
-1.60	-1.20	23.0	24.0		0.776	0.017	0.016
-1.60	-1.20	24.0	25.0		0.886	0.013	0.012
-1.60	-1.20	25.0	26.0		0.901	0.011	0.010
-1.60	-1.20	26.0	30.0		0.928	0.004	0.004
-1.60	-1.20	30.0	35.0		0.946	0.002	0.002
-1.60	-1.20	35.0	40.0		0.952	0.002	0.002
-1.60	-1.20	40.0	45.0		0.953	0.001	0.001
-1.60	-1.20	45.0	50.0		0.957	0.002	0.002
-1.60	-1.20	50.0	60.0		0.958	0.002	0.002
-1.60	-1.20	60.0	100.0		0.953	0.004	0.004
-1.60	-1.20	100.0	200.0		0.963	0.012	0.009
-1.20	-0.80	0.0	10.0		0.000	0.000	0.008
-1.20	-0.80	10.0	20.0		0.000	0.000	0.001
-1.20	-0.80	20.0	21.0		0.002	0.002	0.005
-1.20	-0.80	21.0	22.0		0.000	0.000	0.003
-1.20	-0.80	22.0	23.0		0.070	0.010	0.012
-1.20	-0.80	23.0	24.0		0.832	0.016	0.014
-1.20	-0.80	24.0	25.0		0.894	0.012	0.011
-1.20	-0.80	25.0	26.0		0.914	0.010	0.009
-1.20	-0.80	26.0	30.0		0.934	0.004	0.003
-1.20	-0.80	30.0	35.0		0.933	0.002	0.002
-1.20	-0.80	35.0	40.0		0.938	0.002	0.002
-1.20	-0.80	40.0	45.0		0.935	0.002	0.001
-1.20	-0.80	45.0	50.0		0.936	0.002	0.002
-1.20	-0.80	50.0	60.0		0.936	0.003	0.002
-1.20	-0.80	60.0	100.0		0.933	0.004	0.004
-1.20	-0.80	100.0	200.0		0.935	0.014	0.012
-0.80	-0.30	0.0	10.0		0.000	0.000	0.010
-0.80	-0.30	10.0	20.0		0.000	0.000	0.001
-0.80	-0.30	20.0	21.0		0.000	0.000	0.002
-0.80	-0.30	21.0	22.0		0.000	0.000	0.002
-0.80	-0.30	22.0	23.0		0.046	0.007	0.008
-0.80	-0.30	23.0	24.0		0.875	0.011	0.010
-0.80	-0.30	24.0	25.0		0.958	0.006	0.005
-0.80	-0.30	25.0	26.0		0.959	0.006	0.005
-0.80	-0.30	26.0	30.0		0.963	0.002	0.002
-0.80	-0.30	30.0	35.0		0.966	0.001	0.001
-0.80	-0.30	35.0	40.0		0.967	0.001	0.001
-0.80	-0.30	40.0	45.0		0.963	0.001	0.001
-0.80	-0.30	45.0	50.0		0.964	0.001	0.001
-0.80	-0.30	50.0	60.0		0.963	0.002	0.002
-0.80	-0.30	60.0	100.0		0.963	0.003	0.003
-0.80	-0.30	100.0	200.0		0.944	0.011	0.009
-0.30	-0.20	0.0	10.0		0.000	0.000	0.116
-0.30	-0.20	10.0	20.0		0.000	0.000	0.003
-0.30	-0.20	20.0	21.0		0.000	0.000	0.013
-0.30	-0.20	21.0	22.0		0.000	0.000	0.010
-0.30	-0.20	22.0	23.0		0.025	0.011	0.017
-0.30	-0.20	23.0	24.0		0.793	0.029	0.027
-0.30	-0.20	24.0	25.0		0.849	0.025	0.022
-0.30	-0.20	25.0	26.0		0.864	0.024	0.021
-0.30	-0.20	26.0	30.0		0.873	0.008	0.008
-0.30	-0.20	30.0	35.0		0.882	0.005	0.005
-0.30	-0.20	35.0	40.0		0.885	0.005	0.004
-0.30	-0.20	40.0	45.0		0.879	0.004	0.004
-0.30	-0.20	45.0	50.0		0.881	0.005	0.005
-0.30	-0.20	50.0	60.0		0.886	0.007	0.007
-0.30	-0.20	60.0	100.0		0.882	0.012	0.011
-0.30	-0.20	100.0	200.0		0.862	0.038	0.032
-0.20	0.20	0.0	10.0		0.000	0.000	0.025
-0.20	0.20	10.0	20.0		0.000	0.000	0.001
-0.20	0.20	20.0	21.0		0.000	0.000	0.003
-0.20	0.20	21.0	22.0		0.003	0.002	0.003
-0.20	0.20	22.0	23.0		0.018	0.004	0.005
-0.20	0.20	23.0	24.0		0.807	0.012	0.012
-0.20	0.20	24.0	25.0		0.958	0.006	0.006
-0.20	0.20	25.0	26.0		0.948	0.007	0.006
-0.20	0.20	26.0	30.0		0.959	0.002	0.002
-0.20	0.20	30.0	35.0		0.962	0.001	0.001
-0.20	0.20	35.0	40.0		0.961	0.001	0.001
-0.20	0.20	40.0	45.0		0.961	0.001	0.001
-0.20	0.20	45.0	50.0		0.962	0.001	0.001
-0.20	0.20	50.0	60.0		0.958	0.002	0.002
-0.20	0.20	60.0	100.0		0.955	0.003	0.003
-0.20	0.20	100.0	200.0		0.955	0.011	0.009
0.20	0.30	0.0	10.0		0.000	0.000	0.092
0.20	0.30	10.0	20.0		0.000	0.000	0.003
0.20	0.30	20.0	21.0		0.000	0.000	0.011
0.20	0.30	21.0	22.0		0.000	0.000	0.010
0.20	0.30	22.0	23.0		0.042	0.014	0.019
0.20	0.30	23.0	24.0		0.751	0.031	0.029
0.20	0.30	24.0	25.0		0.851	0.024	0.021
0.20	0.30	25.0	26.0		0.900	0.020	0.017
0.20	0.30	26.0	30.0		0.895	0.008	0.007
0.20	0.30	30.0	35.0		0.887	0.005	0.005
0.20	0.30	35.0	40.0		0.885	0.004	0.004
0.20	0.30	40.0	45.0		0.889	0.004	0.004
0.20	0.30	45.0	50.0		0.886	0.005	0.005
0.20	0.30	50.0	60.0		0.886	0.007	0.006
0.20	0.30	60.0	100.0		0.868	0.012	0.011
0.20	0.30	100.0	200.0		0.837	0.050	0.041
0.30	0.80	0.0	10.0		0.000	0.000	0.010
0.30	0.80	10.0	20.0		0.000	0.000	0.001
0.30	0.80	20.0	21.0		0.000	0.000	0.002
0.30	0.80	21.0	22.0		0.003	0.002	0.003
0.30	0.80	22.0	23.0		0.049	0.007	0.008
0.30	0.80	23.0	24.0		0.876	0.010	0.010
0.30	0.80	24.0	25.0		0.962	0.006	0.005
0.30	0.80	25.0	26.0		0.958	0.006	0.005
0.30	0.80	26.0	30.0		0.958	0.002	0.002
0.30	0.80	30.0	35.0		0.960	0.001	0.001
0.30	0.80	35.0	40.0		0.956	0.001	0.001
0.30	0.80	40.0	45.0		0.959	0.001	0.001
0.30	0.80	45.0	50.0		0.955	0.001	0.001
0.30	0.80	50.0	60.0		0.955	0.002	0.002
0.30	0.80	60.0	100.0		0.954	0.003	0.003
0.30	0.80	100.0	200.0		0.932	0.012	0.010
0.80	1.20	0.0	10.0		0.000	0.000	0.008
0.80	1.20	10.0	20.0		0.000	0.000	0.001
0.80	1.20	20.0	21.0		0.000	0.000	0.004
0.80	1.20	21.0	22.0		0.004	0.002	0.005
0.80	1.20	22.0	23.0		0.096	0.012	0.013
0.80	1.20	23.0	24.0		0.813	0.017	0.016
0.80	1.20	24.0	25.0		0.920	0.011	0.010
0.80	1.20	25.0	26.0		0.918	0.010	0.009
0.80	1.20	26.0	30.0		0.927	0.004	0.004
0.80	1.20	30.0	35.0		0.926	0.002	0.002
0.80	1.20	35.0	40.0		0.928	0.002	0.002
0.80	1.20	40.0	45.0		0.927	0.002	0.002
0.80	1.20	45.0	50.0		0.929	0.002	0.002
0.80	1.20	50.0	60.0		0.932	0.003	0.003
0.80	1.20	60.0	100.0		0.929	0.004	0.004
0.80	1.20	100.0	200.0		0.903	0.016	0.014
1.20	1.60	0.0	10.0		0.000	0.000	0.005
1.20	1.60	10.0	20.0		0.003	0.001	0.002
1.20	1.60	20.0	21.0		0.009	0.004	0.007
1.20	1.60	21.0	22.0		0.020	0.006	0.008
1.20	1.60	22.0	23.0		0.139	0.015	0.016
1.20	1.60	23.0	24.0		0.740	0.018	0.017
1.20	1.60	24.0	25.0		0.870	0.013	0.012
1.20	1.60	25.0	26.0		0.904	0.011	0.010
1.20	1.60	26.0	30.0		0.922	0.004	0.004
1.20	1.60	30.0	35.0		0.935	0.003	0.002
1.20	1.60	35.0	40.0		0.941	0.002	0.002
1.20	1.60	40.0	45.0		0.943	0.002	0.002
1.20	1.60	45.0	50.0		0.945	0.002	0.002
1.20	1.60	50.0	60.0		0.947	0.002	0.002
1.20	1.60	60.0	100.0		0.945	0.004	0.004
1.20	1.60	100.0	200.0		0.937	0.015	0.013
1.60	2.10	0.0	10.0		0.000	0.000	0.002
1.60	2.10	10.0	20.0		0.000	0.000	0.001
1.60	2.10	20.0	21.0		0.005	0.003	0.005
1.60	2.10	21.0	22.0		0.005	0.003	0.005
1.60	2.10	22.0	23.0		0.134	0.012	0.013
1.60	2.10	23.0	24.0		0.762	0.015	0.015
1.60	2.10	24.0	25.0		0.872	0.012	0.011
1.60	2.10	25.0	26.0		0.868	0.011	0.010
1.60	2.10	26.0	30.0		0.910	0.004	0.004
1.60	2.10	30.0	35.0		0.920	0.003	0.002
1.60	2.10	35.0	40.0		0.923	0.002	0.002
1.60	2.10	40.0	45.0		0.922	0.002	0.002
1.60	2.10	45.0	50.0		0.921	0.002	0.002
1.60	2.10	50.0	60.0		0.924	0.003	0.003
1.60	2.10	60.0	100.0		0.924	0.005	0.005
1.60	2.10	100.0	200.0		0.916	0.018	0.015
2.10	2.40	0.0	10.0		0.000	0.000	0.004
2.10	2.40	10.0	20.0		0.003	0.001	0.002
2.10	2.40	20.0	21.0		0.035	0.010	0.013
2.10	2.40	21.0	22.0		0.076	0.014	0.016
2.10	2.40	22.0	23.0		0.222	0.022	0.023
2.10	2.40	23.0	24.0		0.505	0.024	0.024
2.10	2.40	24.0	25.0		0.668	0.022	0.021
2.10	2.40	25.0	26.0		0.759	0.019	0.018
2.10	2.40	26.0	30.0		0.800	0.007	0.007
2.10	2.40	30.0	35.0		0.853	0.005	0.004
2.10	2.40	35.0	40.0		0.868	0.004	0.004
2.10	2.40	40.0	45.0		0.874	0.003	0.003
2.10	2.40	45.0	50.0		0.882	0.004	0.004
2.10	2.40	50.0	60.0		0.886	0.005	0.005
2.10	2.40	60.0	100.0		0.887	0.009	0.008
2.10	2.40	100.0	200.0		0.898	0.031	0.025
