-2.4    -2.1    10      15      0       0        0
-2.1    -1.6    10      15      0       0        0
-1.6    -1.2    10      15      0       0        0
-1.2    -0.8    10      15      0       0        0
-0.8    -0.3    10      15      0       0        0
-0.3    -0.2    10      15      0       0        0
-0.2    0.2     10      15      0       0        0
0.2     0.3     10      15      0       0        0
0.3     0.8     10      15      0       0        0
0.8     1.2     10      15      0       0        0
1.2     1.6     10      15      0       0        0
1.6     2.1     10      15      0       0        0
2.1     2.4     10      15      0       0        0
-2.4    -2.1    15      16      0       0        0
-2.1    -1.6    15      16      0       0        0
-1.6    -1.2    15      16      0       0        0
-1.2    -0.8    15      16      0       0        0
-0.8    -0.3    15      16      0       0        0
-0.3    -0.2    15      16      0       0        0
-0.2    0.2     15      16      0       0        0
0.2     0.3     15      16      0       0        0
0.3     0.8     15      16      0       0        0
0.8     1.2     15      16      0       0        0
1.2     1.6     15      16      0       0        0
1.6     2.1     15      16      0       0        0
2.1     2.4     15      16      0       0        0
-2.4    -2.1    16      17      0.018284        0.00933553       0.00770955
-2.1    -1.6    16      17      0       0        0
-1.6    -1.2    16      17      0       0        0
-1.2    -0.8    16      17      0       0        0
-0.8    -0.3    16      17      0       0        0
-0.3    -0.2    16      17      0       0        0
-0.2    0.2     16      17      0       0        0
0.2     0.3     16      17      0       0        0
0.3     0.8     16      17      0       0        0
0.8     1.2     16      17      0       0        0
1.2     1.6     16      17      0       0        0
1.6     2.1     16      17      0       0        0
2.1     2.4     16      17      0       0        0
-2.4    -2.1    17      18      0.103958        0.0198212        0.0175647
-2.1    -1.6    17      18      0.0588136       0.0109207        0.00964683
-1.6    -1.2    17      18      0.0519739       0.0110043        0.00971806
-1.2    -0.8    17      18      0.0254538       0.0144459        0.0119818
-0.8    -0.3    17      18      0.0232569       0.0091244        0.00775099
-0.3    -0.2    17      18      0.0229049       0.0307337        0.015969
-0.2    0.2     17      18      0.0158031       0.0115076        0.00992347
0.2     0.3     17      18      0.0639554       0.0359944        0.0264646
0.3     0.8     17      18      0       0        0
0.8     1.2     17      18      0.0298569       0.00929864       0.00798756
1.2     1.6     17      18      0.0434923       0.0107849        0.00923748
1.6     2.1     17      18      0.0676678       0.0111371        0.0100616
2.1     2.4     17      18      0.0907292       0.0167801        0.0254404
-2.4    -2.1    18      19      0.499869        0.031507         0.0311341
-2.1    -1.6    18      19      0.676311        0.0212764        0.021695
-1.6    -1.2    18      19      0.78267 0.0175103        0.0183448
-1.2    -0.8    18      19      0.753518        0.0190498        0.019696
-0.8    -0.3    18      19      0.793887        0.0171631        0.0178714
-0.3    -0.2    18      19      0.638866        0.0521355        0.0548948
-0.2    0.2     18      19      0.738455        0.0290447        0.0436034
0.2     0.3     18      19      0.610317        0.0493385        0.0504668
0.3     0.8     18      19      0.774401        0.0187626        0.0196221
0.8     1.2     18      19      0.756551        0.0222819        0.0228967
1.2     1.6     18      19      0.77652 0.0209831        0.0192024
1.6     2.1     18      19      0.675991        0.0204646        0.0207814
2.1     2.4     18      19      0.469363        0.0314894        0.0315715
-2.4    -2.1    19      20      0.610296        0.0263127        0.0274528
-2.1    -1.6    19      20      0.795348        0.0168902        0.0174988
-1.6    -1.2    19      20      0.862777        0.0147393        0.0155495
-1.2    -0.8    19      20      0.826379        0.0148217        0.0155467
-0.8    -0.3    19      20      0.885157        0.0122777        0.0131244
-0.3    -0.2    19      20      0.698109        0.0451895        0.0483161
-0.2    0.2     19      20      0.79147 0.0210163        0.0222295
0.2     0.3     19      20      0.746158        0.0449865        0.0478289
0.3     0.8     19      20      0.836111        0.0138723        0.0145293
0.8     1.2     19      20      0.853034        0.0257412        0.0168254
1.2     1.6     19      20      0.88504 0.0142189        0.0139813
1.6     2.1     19      20      0.801897        0.014876         0.0155266
2.1     2.4     19      20      0.654056        0.0261678        0.0261577
-2.4    -2.1    20      21      0.653976        0.0233974        0.0239688
-2.1    -1.6    20      21      0.797149        0.0139457        0.0145762
-1.6    -1.2    20      21      0.88926 0.0128958        0.0132877
-1.2    -0.8    20      21      0.839904        0.0139983        0.0144935
-0.8    -0.3    20      21      0.878477        0.0119839        0.0120592
-0.3    -0.2    20      21      0.695383        0.00155471       0.00155471
-0.2    0.2     20      21      0.825926        0.0192997        0.0202099
0.2     0.3     20      21      0.778508        0.0409384        0.042676
0.3     0.8     20      21      0.899444        0.0115504        0.0120481
0.8     1.2     20      21      0.839727        0.0161865        0.0163795
1.2     1.6     20      21      0.902982        0.0128198        0.0135812
1.6     2.1     20      21      0.817622        0.0131725        0.0136617
2.1     2.4     20      21      0.726224        0.0220068        0.022957
-2.4    -2.1    21      22      0.701297        0.00106538       0.00106538
-2.1    -1.6    21      22      0.827233        0.0139515        0.0146117
-1.6    -1.2    21      22      0.896022        0.0112708        0.0120182
-1.2    -0.8    21      22      0.86069 0.0118462        0.0124283
-0.8    -0.3    21      22      0.904815        0.0104017        0.0109961
-0.3    -0.2    21      22      0.735087        0.0368908        0.0396364
-0.2    0.2     21      22      0.88191 0.0147304        0.0151632
0.2     0.3     21      22      0.77435 0.0352991        0.0332494
0.3     0.8     21      22      0.919801        0.0103256        0.0110126
0.8     1.2     21      22      0.840798        0.014745         0.0153833
1.2     1.6     21      22      0.90016 0.0103412        0.0110764
1.6     2.1     21      22      0.820178        0.013901         0.0152147
2.1     2.4     21      22      0.73077 0.0218792        0.0219094
-2.4    -2.1    22      24      0.720565        -0       -0
-2.1    -1.6    22      24      0.815956        0.00928244       0.00943051
-1.6    -1.2    22      24      0.916775        0.00719581       0.00739469
-1.2    -0.8    22      24      0.863987        0.00853948       0.00869885
-0.8    -0.3    22      24      0.916462        0.00665775       0.00692606
-0.3    -0.2    22      24      0.78121 0.0232404        0.0232404
-0.2    0.2     22      24      0.884774        0.00849953       0.00851773
0.2     0.3     22      24      0.802521        0.0201882        0.0207518
0.3     0.8     22      24      0.921355        0.00610353       0.00628778
0.8     1.2     22      24      0.863439        0.00877067       0.00918387
1.2     1.6     22      24      0.911594        0.00651581       0.00685635
1.6     2.1     22      24      0.82028 0.00914866       0.00934705
2.1     2.4     22      24      0.722705        0.0152584        0.0160219
-2.4    -2.1    24      26      0.732463        0.0127442        0.0131335
-2.1    -1.6    24      26      0.822607        0.00774052       0.00789135
-1.6    -1.2    24      26      0.940645        0.00566445       0.00598207
-1.2    -0.8    24      26      0.866195        0.00773092       0.00779871
-0.8    -0.3    24      26      0.929035        0.0051066        0.00528151
-0.3    -0.2    24      26      0.784537        0.0167981        0.0172246
-0.2    0.2     24      26      0.900748        0.0066742        0.00684684
0.2     0.3     24      26      0.75603 0.0194243        0.0197614
0.3     0.8     24      26      0.929825        0.00501864       0.00519536
0.8     1.2     24      26      0.877949        0.00757465       0.00772405
1.2     1.6     24      26      0.922713        0.00621687       0.00645986
1.6     2.1     24      26      0.848026        0.00797416       0.00803321
2.1     2.4     24      26      0.749898        0.0129763        0.013054
-2.4    -2.1    26      30      0.764065        0.00810167       0.00812574
-2.1    -1.6    26      30      0.849361        0.00492848       0.00488317
-1.6    -1.2    26      30      0.934054        0.00378962       0.00387896
-1.2    -0.8    26      30      0.875174        0.00470653       0.00477071
-0.8    -0.3    26      30      0.931761        0.00301169       0.00306876
-0.3    -0.2    26      30      0.806301        0.00947173       0.00959978
-0.2    0.2     26      30      0.924272        0.00320049       0.0032415
0.2     0.3     26      30      0.778569        0.0102999        0.0104296
0.3     0.8     26      30      0.940277        0.0029293        0.00294081
0.8     1.2     26      30      0.881013        0.0047049        0.00475414
1.2     1.6     26      30      0.926374        0.00381719       0.00385156
1.6     2.1     26      30      0.846679        0.00475096       0.0047324
2.1     2.4     26      30      0.773552        0.00832894       0.00841208
-2.4    -2.1    30      35      0.812696        0.00590943       0.00596163
-2.1    -1.6    30      35      0.858676        0.00383693       0.00385791
-1.6    -1.2    30      35      0.941566        0.00277244       0.00280907
-1.2    -0.8    30      35      0.881032        0.00340159       0.00346276
-0.8    -0.3    30      35      0.938745        0.00201717       0.00204639
-0.3    -0.2    30      35      0.800625        0.00721779       0.00728854
-0.2    0.2     30      35      0.931021        0.00232298       0.00234012
0.2     0.3     30      35      0.783577        0.00689841       0.00698357
0.3     0.8     30      35      0.94018 0.0019722        0.00199612
0.8     1.2     30      35      0.883267        0.00345811       0.00348047
1.2     1.6     30      35      0.935896        0.00278245       0.00281784
1.6     2.1     30      35      0.861414        0.0037683        0.00381262
2.1     2.4     30      35      0.801631        0.00615665       0.0061797
-2.4    -2.1    35      40      0.820842        0.0048842        0.00492835
-2.1    -1.6    35      40      0.859239        0.00314024       0.00314205
-1.6    -1.2    35      40      0.946299        0.00206746       0.00209798
-1.2    -0.8    35      40      0.887658        0.00257314       0.00259271
-0.8    -0.3    35      40      0.94491 0.00163029       0.00164298
-0.3    -0.2    35      40      0.804109        0.00589174       0.00587319
-0.2    0.2     35      40      0.939609        0.00185696       0.00187441
0.2     0.3     35      40      0.80088 0.0059155        0.00598253
0.3     0.8     35      40      0.949493        0.00151461       0.00152844
0.8     1.2     35      40      0.884587        0.00261669       0.00263201
1.2     1.6     35      40      0.939394        0.00224418       0.00226622
1.6     2.1     35      40      0.860911        0.00308867       0.00315243
2.1     2.4     35      40      0.823042        0.00498923       0.0050256
-2.4    -2.1    40      60      0.840878        0.00313309       0.00316175
-2.1    -1.6    40      60      0.868297        0.00181651       0.00180448
-1.6    -1.2    40      60      0.951895        0.00115469       0.00116591
-1.2    -0.8    40      60      0.887832        0.0015966        0.00159923
-0.8    -0.3    40      60      0.949643        0.000977315      0.00097431
-0.3    -0.2    40      60      0.813333        0.00354746       0.00362942
-0.2    0.2     40      60      0.942716        0.00114408       0.0011583
0.2     0.3     40      60      0.806464        0.00361114       0.00367527
0.3     0.8     40      60      0.952583        0.000939115      0.000939935
0.8     1.2     40      60      0.888995        0.00159406       0.00160869
1.2     1.6     40      60      0.949183        0.00118251       0.00119641
1.6     2.1     40      60      0.872274        0.00179585       0.00180147
2.1     2.4     40      60      0.84515 0.00307378       0.00310244
-2.4    -2.1    60      100     0.845972        0.00980782       0.0102291
-2.1    -1.6    60      100     0.872403        0.00579185       0.00597898
-1.6    -1.2    60      100     0.953224        0.00313372       0.00327531
-1.2    -0.8    60      100     0.884196        0.00506024       0.00535412
-0.8    -0.3    60      100     0.958135        0.00269543       0.00286401
-0.3    -0.2    60      100     0.802517        0.011896         0.0122525
-0.2    0.2     60      100     0.945528        0.00337491       0.00349699
0.2     0.3     60      100     0.797738        0.0111317        0.0117238
0.3     0.8     60      100     0.959148        0.00260408       0.00272491
0.8     1.2     60      100     0.882248        0.00461216       0.00468775
1.2     1.6     60      100     0.942369        0.00350264       0.00363768
1.6     2.1     60      100     0.876505        0.00744354       0.00514151
2.1     2.4     60      100     0.846714        0.00964495       0.00964495
-2.4    -2.1    100     200     0.827185        0.0305616        0.0327384
-2.1    -1.6    100     200     0.852291        0.0158342        0.0172561
-1.6    -1.2    100     200     0.946131        0.00879838       0.00978746
-1.2    -0.8    100     200     0.897294        0.0125028        0.0132802
-0.8    -0.3    100     200     0.956771        0.00781219       0.00849753
-0.3    -0.2    100     200     0.762402        0.0315882        0.033825
-0.2    0.2     100     200     0.939114        0.00879598       0.00965691
0.2     0.3     100     200     0.764997        0.0303188        0.0324367
0.3     0.8     100     200     0.956768        0.0159439        0.0193242
0.8     1.2     100     200     0.876843        0.01318  0.0139279
1.2     1.6     100     200     0.95585 0.00816374       0.00928066
1.6     2.1     100     200     0.896839        0.0160187        0.0168743
2.1     2.4     100     200     0.823764        0.0311039        0.0333089