-2.5    -2.0    13.0    14.0    0.667   0.128
-2.5    -2.0    14.0    15.0    0.882   0.054
-2.5    -2.0    15.0    17.0    0.733   0.028
-2.5    -2.0    17.0    20.0    0.986   0.014
-2.5    -2.0    20.0    25.0    0.954   0.006
-2.5    -2.0    25.0    30.0    0.991   0.003
-2.5    -2.0    30.0    40.0    0.992   0.001
-2.5    -2.0    40.0    50.0    0.991   0.001
-2.5    -2.0    50.0    100.0   0.992   0.004
-2.0    -1.6    13.0    14.0    0.375   0.075
-2.0    -1.6    14.0    15.0    0.588   0.044
-2.0    -1.6    15.0    17.0    0.880   0.019
-2.0    -1.6    17.0    20.0    0.921   0.013
-2.0    -1.6    20.0    25.0    0.978   0.004
-2.0    -1.6    25.0    30.0    0.988   0.002
-2.0    -1.6    30.0    40.0    0.987   0.000
-2.0    -1.6    40.0    50.0    0.993   0.000
-2.0    -1.6    50.0    100.0   0.992   0.002
-1.6    -1.4    13.0    14.0    0.500   0.030
-1.6    -1.4    14.0    15.0    0.500   0.040
-1.6    -1.4    15.0    17.0    0.500   0.040
-1.6    -1.4    17.0    20.0    0.913   0.041
-1.6    -1.4    20.0    25.0    0.941   0.024
-1.6    -1.4    25.0    30.0    0.952   0.012
-1.6    -1.4    30.0    40.0    0.978   0.003
-1.6    -1.4    40.0    50.0    0.987   0.003
-1.6    -1.4    50.0    100.0   0.983   0.008
-1.4    -0.8    13.0    14.0    0.300   0.027
-1.4    -0.8    14.0    15.0    0.500   0.032
-1.4    -0.8    15.0    17.0    0.786   0.013
-1.4    -0.8    17.0    20.0    0.944   0.006
-1.4    -0.8    20.0    25.0    0.987   0.002
-1.4    -0.8    25.0    30.0    0.974   0.001
-1.4    -0.8    30.0    40.0    0.979   0.000
-1.4    -0.8    40.0    50.0    0.981   0.000
-1.4    -0.8    50.0    100.0   0.979   0.000
-0.8    0.0     13.0    14.0    0.583   0.031
-0.8    0.0     14.0    15.0    0.842   0.024
-0.8    0.0     15.0    17.0    0.850   0.009
-0.8    0.0     17.0    20.0    0.950   0.004
-0.8    0.0     20.0    25.0    0.953   0.001
-0.8    0.0     25.0    30.0    0.976   0.001
-0.8    0.0     30.0    40.0    0.979   0.000
-0.8    0.0     40.0    50.0    0.981   0.000
-0.8    0.0     50.0    100.0   0.983   0.000
0.0     0.8     13.0    14.0    0.708   0.035
0.0     0.8     14.0    15.0    0.763   0.023
0.0     0.8     15.0    17.0    0.827   0.012
0.0     0.8     17.0    20.0    0.940   0.004
0.0     0.8     20.0    25.0    0.971   0.001
0.0     0.8     25.0    30.0    0.971   0.001
0.0     0.8     30.0    40.0    0.984   0.000
0.0     0.8     40.0    50.0    0.984   0.000
0.0     0.8     50.0    100.0   0.984   0.000
0.8     1.4     13.0    14.0    0.214   0.033
0.8     1.4     14.0    15.0    0.704   0.031
0.8     1.4     15.0    17.0    0.773   0.013
0.8     1.4     17.0    20.0    0.918   0.006
0.8     1.4     20.0    25.0    0.971   0.002
0.8     1.4     25.0    30.0    0.980   0.001
0.8     1.4     30.0    40.0    0.985   0.000
0.8     1.4     40.0    50.0    0.988   0.000
0.8     1.4     50.0    100.0   0.992   0.001
1.4     1.6     13.0    14.0    0.000   0.000
1.4     1.6     14.0    15.0    0.000   0.000
1.4     1.6     15.0    17.0    0.750   0.103
1.4     1.6     17.0    20.0    0.667   0.087
1.4     1.6     20.0    25.0    0.980   0.020
1.4     1.6     25.0    30.0    1.000   0.013
1.4     1.6     30.0    40.0    0.981   0.003
1.4     1.6     40.0    50.0    0.992   0.003
1.4     1.6     50.0    100.0   0.984   0.008
1.6     2.0     13.0    14.0    0.250   0.062
1.6     2.0     14.0    15.0    0.692   0.062
1.6     2.0     15.0    17.0    0.789   0.046
1.6     2.0     17.0    20.0    0.979   0.010
1.6     2.0     20.0    25.0    0.974   0.004
1.6     2.0     25.0    30.0    0.983   0.002
1.6     2.0     30.0    40.0    0.990   0.001
1.6     2.0     40.0    50.0    0.991   0.000
1.6     2.0     50.0    100.0   0.997   0.002
2.0     2.5     13.0    14.0    0.750   0.103
2.0     2.5     14.0    15.0    0.833   0.073
2.0     2.5     15.0    17.0    0.893   0.033
2.0     2.5     17.0    20.0    0.951   0.012
2.0     2.5     20.0    25.0    0.969   0.006
2.0     2.5     25.0    30.0    0.977   0.003
2.0     2.5     30.0    40.0    0.988   0.001
2.0     2.5     40.0    50.0    0.989   0.001
2.0     2.5     50.0    100.0   0.989   0.004