10 22    10 15   0.909091 0.0866784
10 22    15 17   0.909091 0.0866784
10 22    17 18   0.909091 0.0866784
10 22    18 19   0.909091 0.0866784
10 22    19 20   0.909091 0.0866784
10 22    20 22   0.909091 0.0866784
10 22    22 25   0.909091 0.0866784
10 22    25 30   0.909091 0.0866784
10 22    30 40   0.909091 0.0866784
10 22    40 100  0.909091 0.0866784
22 25    10 15   0.957143 0.0108259
22 25    15 17   0.959502 0.0110025
22 25    17 18   0.994475 0.00550958
22 25    18 19   0.967136 0.0122156
22 25    19 20   0.985437 0.00834657
22 25    20 22   0.987179 0.00520029
22 25    22 25   0.994819 0.00258395
22 25    25 30   0 0
22 25    30 40   0 0
22 25    40 100  0 0
25 30    10 15   0.967939 0.00688323
25 30    15 17   0.975172 0.00577882
25 30    17 18   0.988764 0.00499656
25 30    18 19   0.981982 0.00631268
25 30    19 20   0.988528 0.00465659
25 30    20 22   0.984238 0.0036857
25 30    22 25   0.988007 0.00183945
25 30    25 30   0.991751 0.0013692
25 30    30 40   0 0
25 30    40 100  0 0
30 40    10 15   0.965318 0.00622128
30 40    15 17   0.971429 0.00514135
30 40    17 18   0.970684 0.0068078
30 40    18 19   0.990463 0.00358734
30 40    19 20   0.991474 0.00320883
30 40    20 22   0.98915 0.00220268
30 40    22 25   0.991717 0.00103103
30 40    25 30   0.993 0.000556716
30 40    30 40   0.993743 0.000555629
30 40    40 100  0 0
40 100   10 15   0.974398 0.00274119
40 100   15 17   0.983395 0.00201168
40 100   17 18   0.986329 0.00232849
40 100   18 19   0.987129 0.00213131
40 100   19 20   0.989324 0.00184853
40 100   20 22   0.989673 0.0012024
40 100   22 25   0.992383 0.000590749
40 100   25 30   0.994063 0.000351275
40 100   30 40   0.995099 0.000224065
40 100   40 100  0.9956 0.000147006
