0. 0. 
0.25 0.364529550728151
0.5 0.7237614572008321
0.75 1.0726357915849274
1. 1.4065486259546585
1.25 1.7215337264060346
1.5 2.0143947208060258
1.75 2.28278035474927
2. 2.5252015481867063
2.25 2.7409947779217854
2.5 2.9302410944825197
2.75 3.093653291604629
3. 3.2324451122224813
3.25 3.3481959227087117
3.5 3.442722311155068
3.75 3.5179650549076666
4. 3.575896441357578
4.25 3.6184495852949414
4.5 3.6474686295594583
4.75 3.6646768340219613
5. 3.671658642713491
5.25 3.6698517764651992
5.5 3.6605459968837097
5.75 3.6448861245361357
6. 3.6238778693711384
6.25 3.5983958076972766
6.5 3.5691932834987905
6.75 3.5369141029566626
7. 3.5021057089529983
7.25 3.4652332087704774
7.5 3.4266933412004272
7.75 3.3868273389166363
8. 3.345931738157496
8.25 3.30426650664625
8.5 3.2620603313322323
8.75 3.219513415416719
9. 3.1767985542836756
9.25 3.134061490919476
9.5 3.0914215412395887
9.75 3.048973238139768
10. 3.006789337219083
10.25 2.9649250630063997
10.5 2.923423069285647
10.75 2.882318339382757
11. 2.8416422181842944
11.25 2.8014249482282594
11.5 2.7616964248401588
11.75 2.7224852984965824
12. 2.683816929941244
12.25 2.6457109505564667
12.5 2.608179237703218
12.75 2.571224971673656
13. 2.534843137249248
13.25 2.4990224473932936
13.5 2.4637482966664637
13.75 2.429006088873813
14. 2.394784190089749
14.25 2.3610758540337655
14.5 2.327879724017723
14.75 2.295198867233571
15. 2.263038653940016
15.25 2.2314040675790525
15.5 2.200297155793941
15.75 2.1697152787414877
16. 2.139650596390941
16.25 2.1100909165590025
16.5 2.0810216811091578
16.75 2.0524285844943986
17. 2.0243001655696844
17.25 1.9966297260491388
17.5 1.969416101415837
17.75 1.9426630974689345
18. 1.9163777353934466
18.25 1.8905677383681234
18.5 1.8652388724046247
18.75 1.8403927807185958
19. 1.8160258201455914
19.25 1.7921291543796845
19.5 1.7686900462996422
19.75 1.7456939980449915
20. 1.723127184742808
20.25 1.7009785644556386
20.5 1.6792411366791435
20.75 1.6579120404183147
21. 1.6369914750172034
21.25 1.6164807197063065
21.5 1.5963797492515708
21.75 1.5766850395781709
22. 1.5573881065883293
22.25 1.5384751377837675
22.5 1.5199278063807278
22.75 1.5017250686305221
23. 1.4838455081521615
23.25 1.4662696637544392
23.5 1.4489817894258519
23.75 1.4319706422818277
24. 1.4152291386402323
24.25 1.39875299897301
24.5 1.3825387500073192
24.75 1.3665816063501415
25. 1.3508737778862965
25.25 1.3354036383899077
25.5 1.3201559738943174
25.75 1.3051132607006215
26. 1.2902576689051497
26.25 1.2755733101491813
26.5 1.2610481906347477
26.75 1.2466754052896587
27. 1.232453296680632
27.25 1.2183845557922703
27.5 1.204474498377091
27.75 1.190728947366159
28. 1.1771522411978395
28.25 1.1637458490337096
28.5 1.150507917456824
28.75 1.1374338388386167
29. 1.1245176773157575
29.25 1.1117540767523117
29.5 1.0991401576759294
29.75 1.0866769149298596
30. 1.0743697524768854
30.25 1.0622280048706563
30.5 1.050263543447168
30.75 1.0384887881316112
31. 1.026914588558327
31.25 1.0155484666789247
31.5 1.0043936211698206
31.75 0.9934489052350911
32. 0.9827097508294611
32.25 0.9721697827056877
32.5 0.9618227011424608
32.75 0.951663952462534
33. 0.9416917652590828
33.25 0.9319072922193653
33.5 0.9223138220513394
33.75 0.9129152577401386
34. 0.903714239339744
34.25 0.8947103775061699
34.5 0.8858990371114914
34.75 0.8772709759207029
35. 0.8688129351029596
35.25 0.8605090477387788
35.5 0.8523427350438054
35.75 0.8442986455335163
36. 0.8363641871968018
36.25 0.8285303073586815
36.5 0.8207913628764053
36.75 0.8131441480030981
37. 0.8055863534052108
37.25 0.7981148670988126
37.5 0.7907243633617798
37.75 0.7834065510607584
38. 0.7761502873409705
38.25 0.7689425474125514
38.5 0.7617700292659476
38.75 0.7546210154461661
39. 0.7474870505279912
39.25 0.7403640376413336
39.5 0.733252498691256
39.75 0.7261569456542076
40. 0.7190845245545364
40.25 0.7120432669969929
40.5 0.7050403743718937
40.75 0.6980809455618412
41. 0.6911674443766207
41.25 0.6843000167447972
41.5 0.6774775559616445
41.75 0.6706992290330115
42. 0.6639660635797849
42.25 0.657282180256212
42.5 0.6506553431710765
42.75 0.6440966683715424
43. 0.6376195365946277
43.25 0.6312379505603227
43.5 0.6249647116714706
43.75 0.6188098335277814
44. 0.6127795502808254
44.25 0.6068761316750649
44.5 0.6010985198850457
44.75 0.5954436043746931
45. 0.5899077986109826
45.25 0.5844885135384382
45.5 0.5791851536144935
45.75 0.5739993837320918
46. 0.5689345989831172
46.25 0.5639947286040151
46.5 0.55918267167104
46.75 0.5544987546190397
47. 0.5499395971556298
47.25 0.5454976749413356
47.5 0.5411616989785996
47.75 0.5369177345227367
48. 0.5327508048111358
48.25 0.5286466102794172
48.5 0.5245929698521059
48.75 0.5205806627382842
49. 0.5166034988193782
49.25 0.5126576361439089
49.5 0.5087403484416303
49.75 0.5048485788453114
50. 0.5009776658348062
50.25 0.4971205820443144
50.5 0.49326789760354794
50.75 0.4894084991252993
51. 0.48553090776554386
51.25 0.4816248909626927
51.5 0.47768298877092497
51.75 0.47370159484627544
52. 0.4696813390406219
52.25 0.46562668669418916
52.5 0.4615448577237787
52.75 0.4574443304684188
53. 0.4533332915671929
53.25 0.4492184007375955
53.5 0.44510415681584786
53.75 0.44099299949879517
54. 0.43688609742247464
54.25 0.4327846026997209
54.5 0.42869103649474755
54.75 0.4246104376899152
55. 0.42055096478383264
55.25 0.4165237752544696
55.5 0.41254218357827904
55.75 0.4086202754435023
56. 0.40477128830248055
56.25 0.4010061250201288
56.5 0.3973323344838468
56.75 0.3937537790710226
57. 0.390271042033706
57.25 0.3868824491799715
57.5 0.3835854324175339
57.75 0.38037788351285967
58. 0.37725915383403497
58.25 0.37423044764430724
58.5 0.37129450981439954
58.75 0.3684546858039143
59. 0.36571358897102824
59.25 0.36307170928021343
59.5 0.3605263142508947
59.75 0.3580709237298522
60. 0.355695502010793
60.25 0.35338733798369576
60.5 0.35113241873674
60.75 0.34891698470195165
61. 0.3467289134851537
61.25 0.3445586246105407
61.5 0.342399317121901
61.75 0.3402465167043474
62. 0.33809707822239965
62.25 0.335947921900402
62.5 0.33379484457995307
62.75 0.3316317264031571
63. 0.3294503534199255
63.25 0.3272409227628989
63.5 0.3249931270696834
63.75 0.3226975704385566
64. 0.3203471846533333
64.25 0.31793831195608
64.5 0.3154711996264546
64.75 0.3129497924765606
65. 0.3103808774500892
65.25 0.3077727886932796
65.5 0.3051339841349641
65.75 0.30247183094172686
66. 0.2997918811095793
66.25 0.2970977940270534
66.5 0.2943919008352584
66.75 0.29167624565127903
67. 0.2889538203155976
67.25 0.28622966111417114
67.5 0.2835115094748658
67.75 0.28080984543708815
68. 0.27813725637867714
68.25 0.27550726627110816
68.5 0.27293288278645905
68.75 0.2704251886814159
69. 0.26799229336124175
69.25 0.26563887320212426
69.5 0.2633663867056497
69.75 0.2611738878785267
70. 0.2590592182059382
70.25 0.2570202690672701
70.5 0.2550559938452088
70.75 0.25316691504456423
71. 0.25135499997303734
71.25 0.24962293730026078
71.5 0.2479729970925854
71.75 0.2464057619548011
72. 0.24491905108553255
72.25 0.24350731422997562
72.5 0.24216165986851546
72.75 0.24087052925410093
73. 0.23962087256700973
73.25 0.2383995634398955
73.5 0.237194732628708
73.75 0.23599672397239702
74. 0.23479847023206474
74.25 0.23359522955963508
74.5 0.23238378001990248
74.75 0.2311613014094757
75. 0.22992424841805803
75.25 0.2286675188828593
75.5 0.22738414583330455
75.75 0.22606561085719162
76. 0.22470272134450636
76.25 0.2232868534210189
76.5 0.22181127029164463
76.75 0.22027220469800593
77. 0.2186694492219931
77.25 0.2170063155814999
77.5 0.2152889750100818
77.75 0.2135253393183438
78. 0.21172375028765514
78.25 0.20989178741760658
78.5 0.208035470633085
78.75 0.20615903382923945
79. 0.20426530200939344
79.25 0.20235655443014922
79.5 0.20043563545458032
79.75 0.19850701319655967
80. 0.19657749842511732
80.25 0.19465641934796554
80.5 0.1927551812540955
80.75 0.1908862907942244
81. 0.1890620559744961
81.25 0.18729325265574062
81.5 0.18558805714579366
81.75 0.18395148037142564
82. 0.18238541800922792
82.25 0.18088928258637915
82.5 0.1794610442709194
82.75 0.1780984108566063
83. 0.17679984764155038
83.25 0.1755651815569255
83.5 0.17439564003744856
83.75 0.17329331754712857
84. 0.17226020636128928
84.25 0.17129703795171292
84.5 0.17040223033336074
84.75 0.16957121313188378
85. 0.16879631188117156
85.25 0.1680672383630055
85.5 0.1673720877293321
85.75 0.16669862139773722
86. 0.16603554699556933
86.25 0.16537350931339506
86.5 0.16470557844614014
86.75 0.16402714517401248
87. 0.16333527871135825
87.25 0.16262773269720812
87.5 0.16190186977263593
87.75 0.16115379280243458
88. 0.1603779176065723
88.25 0.159567111245728
88.5 0.1587133787395453
88.75 0.15780894425333641
89. 0.15684747377087543
89.25 0.15582514923198265
89.5 0.15474133798875436
89.75 0.15359869778349464
90. 0.15240269258603656
90.25 0.1511606354224685
90.5 0.1498804863955797
90.75 0.1485696901360403
91. 0.1472343234539566
91.25 0.14587874449817056
91.5 0.14450580895967374
91.75 0.14311757770087824
92. 0.14171631826730197
92.25 0.14030552984521752
92.5 0.13889071509552348
92.75 0.13747968424451643
93. 0.1360822915394904
93.25 0.13470964345252695
93.5 0.13337294772827246
93.75 0.1320822607765827
94. 0.13084541650941314
94.25 0.12966737636289732
94.5 0.1285501387225718
94.75 0.1274932112046814
95. 0.12649451428358785
95.25 0.12555148253054735
95.5 0.12466208514095001
95.75 0.12382551115087238
96. 0.12304235075752878
96.25 0.12231423118839493
96.5 0.12164300237493222
96.75 0.12102968073269046
97. 0.1204734209783445
97.25 0.11997078114108152
97.5 0.11951547604432944
97.75 0.11909869676201419
98. 0.11870993680597332
98.25 0.1183381435345177
98.5 0.11797293535677719
98.75 0.11760561066655922
99. 0.11722972649141125
99.25 0.1168411306869897
99.5 0.11643746512116968
99.75 0.11601728593012386
100. 0.11557903915950514
100.25 0.11512016347666977
100.5 0.11463655816038595
100.75 0.11412256263967745
101. 0.11357146612718501
101.25 0.11297643373755827
101.5 0.11233163129146782
101.75 0.11163328021341029
102. 0.11088038889556044
102.25 0.11007498381403223
102.5 0.10922178363614606
102.75 0.10832739313743392
103. 0.1073992082798677
103.25 0.10644429136824558
103.5 0.10546847941917004
103.75 0.10447592891017027
104. 0.10346919079463696
104.25 0.10244977794272435
104.5 0.10141906532187309
104.75 0.10037928106275676
105. 0.0993343240900055
105.25 0.09829018660233366
105.5 0.09725485678463447
105.75 0.09623770485018791
106. 0.09524848251283824
106.25 0.09429616120498269
106.5 0.09338787455008822
106.75 0.09252820604271737
107. 0.09171897971955946
107.25 0.09095959027548806
107.5 0.09024777931867142
107.75 0.08958065800771864
108. 0.08895571909666142
108.25 0.0883715872926565
108.5 0.08782832415559984
108.75 0.08732721589346082
109. 0.08687010174883758
109.25 0.08645841549767012
109.5 0.08609218480152965
109.75 0.08576924514931847
110. 0.08548487406150336
110.25 0.08523194972004931
110.5 0.08500161113425922
110.75 0.08478427549436064
111. 0.0845707821650109
111.25 0.08435340284191296
111.5 0.08412649091805785
111.75 0.08388663174716458
112. 0.08363227743937712
112.25 0.08336297520346021
112.5 0.08307839637806537
112.75 0.08277742027216381
113. 0.08245751140136699
113.25 0.08211455463245007
113.5 0.08174319842804592
113.75 0.0813376298975259
114. 0.0808925977221201
114.25 0.08040443655385622
114.5 0.07987184440990698
114.75 0.07929622329941742
115. 0.07868149837093427
115.25 0.07803345647553
115.5 0.07735876046926307
115.75 0.07666387263150982
116. 0.07595414051691152
116.25 0.075233256659532
116.5 0.07450321021127292
116.75 0.07376472679100833
117. 0.07301807242605537
117.25 0.07226400794236149
117.5 0.07150464335504769
117.75 0.07074396662713542
118. 0.06998790138741148
118.25 0.06924386410098259
118.5 0.068519914312628
118.75 0.06782369179801614
119. 0.067161387265294
119.25 0.06653698582688843
119.5 0.06595195671233607
119.75 0.06540545481365966
120. 0.06489497608745505
120.25 0.0644172998232155
120.5 0.063969482925335
120.75 0.06354966113379251
121. 0.0631574618702516
121.25 0.0627939308041818
121.5 0.06246099534246251
121.75 0.06216060331121482
122. 0.061893755992648965
122.25 0.06165968162361163
122.5 0.06145536196734404
122.75 0.061275538930037295
123. 0.06111321144815771
123.25 0.060960513644724545
123.5 0.060809772692073265
123.75 0.06065450152993197
124. 0.06049009804665243
124.25 0.06031409440389409
124.5 0.06012591012461167
124.75 0.059926183416642374
125. 0.05971585738864792
125.25 0.05949525638633058
125.5 0.05926338841529498
125.75 0.059017652480942595
126. 0.05875402877316879
126.25 0.05846770977176728
126.5 0.05815402091079604
126.75 0.057809407229153176
127. 0.057432245033383254
127.25 0.05702327922889445
127.5 0.05658557732335641
127.75 0.056124008032006296
128. 0.05564436726311045
128.25 0.05515235898057907
128.5 0.054652672367752425
128.75 0.05414837168422591
129. 0.053640737457684495
129.25 0.05312958632700195
129.5 0.052613979257256215
129.75 0.05209313276560635
130. 0.051567298446009005
130.25 0.051038384440192826
130.5 0.05051015640282986
130.75 0.04998795920459568
131. 0.04947801863438716
131.25 0.04898648579865711
131.5 0.048518450460499844
131.75 0.04807715773919196
132. 0.04766361347413533
132.25 0.04727666927078591
132.5 0.04691356190432451
132.75 0.04657077186950877
133. 0.04624498926691567
133.25 0.0459339505822343
133.5 0.045636943148778225
133.75 0.045354856927273625
134. 0.04508977532128427
134.25 0.044844210566046115
134.5 0.044620176929334295
134.75 0.044418335115565616
135. 0.044237424126383686
135.25 0.044074126686739594
135.5 0.04392340845523649
135.75 0.04377925555386942
136. 0.043635637808753056
136.25 0.043487470207148125
136.5 0.04333134580916007
136.75 0.04316586941835537
137. 0.042991518903533754
137.25 0.04281007623888017
137.5 0.042623774870254934
137.75 0.04243437840709946
138. 0.04224242119716268
138.25 0.04204680040280335
138.5 0.04184482187731168
138.75 0.041632689915494916
139. 0.041406321345844495
139.25 0.04116228427507795
139.5 0.0408986306562461
139.75 0.04061541730097055
140. 0.040314785656029035
140.25 0.04000057804781147
140.5 0.039677580821919085
140.75 0.03935057532121394
141. 0.03902342383173266
141.25 0.03869840828697128
141.5 0.03837597703349566
141.75 0.03805495472148585
142. 0.03773315696561413
142.25 0.03740825261580062
142.5 0.0370786564019853
142.75 0.03674422801648736
143. 0.03640660188207973
143.25 0.03606906304552748
143.5 0.03573599641639743
143.75 0.035412041551946064
144. 0.035101157669126956
144.25 0.03480582586390403
144.5 0.0345265822376339
144.75 0.03426199501126784
145. 0.0340090905239605
145.25 0.03376412379232961
145.5 0.03352350573945587
145.75 0.03328466170118211
146. 0.033046613460823444
146.25 0.03281014544068322
146.5 0.032577517964692985
146.75 0.0323518016231737
147. 0.03213599951216624
147.25 0.031932175823750596
147.5 0.03174080736918845
147.75 0.031560519656316
148. 0.0313882746858157
148.25 0.03121996683343662
148.5 0.031051283210634228
148.75 0.03087862017157203
149. 0.03069983395665861
149.25 0.03051464408989265
149.5 0.030324593048793345
149.75 0.03013257407828504
150. 0.029942044251667063
150.25 0.029756116294794438
150.5 0.02957675160715018
150.75 0.029404251379017022
151. 0.029237169048328293
151.25 0.029072663678063708
151.5 0.028907205588609784
151.75 0.028737459254723784
152. 0.028561125148298103
152.25 0.028377532440161966
152.5 0.028187835649051654
152.75 0.027994765420716956
153. 0.027801992803308903
153.25 0.027613260934661127
153.5 0.02743149485489401
153.75 0.027258105369389326
154. 0.027092655316366402
154.25 0.026932967961663515
154.5 0.026775649287986272
154.75 0.026616895116774248
155. 0.02645338493230322
155.25 0.026283043815189467
155.5 0.026105486950386277
155.75 0.025922039565227865
156. 0.025735329613577836
156.25 0.025548555437616086
156.5 0.02536461033728127
156.75 0.025185280975683278
157. 0.025010718366340254
157.25 0.024839313333420224
157.5 0.024668009255397264
157.75 0.024492977873879242
158. 0.024310495175079033
158.25 0.024117805521056416
158.5 0.023913765203442995
158.75 0.02369911060166446
159. 0.023476287860416223
159.25 0.023248887954987148
159.5 0.02302082700894004
159.75 0.02279547330624703
160. 0.022574934591031784
