0. 0. 
0.25 0.5434939375244655
0.5 1.0756544228110827
0.75 1.5858132137692649
1. 2.064563789298417
1.25 2.5042307847029344
1.5 2.899172576309371
1.75 3.2459005308351525
2. 3.5430221462933775
2.25 3.7910354595114057
2.5 3.992015801019298
2.75 4.149241934162218
3. 4.266807131847308
3.25 4.349253418247307
3.5 4.401256357489167
3.75 4.4273758466293724
4. 4.4318774196135875
4.25 4.4186199597051585
4.5 4.391000053463355
4.75 4.351940442672533
5. 4.303909633067838
5.25 4.248960975756135
5.5 4.188781709950397
5.75 4.124744925569249
6. 4.057959736336339
6.25 3.9893169007839
6.5 3.919528597459664
6.75 3.849162065913285
7. 3.778667440429582
7.25 3.7084004246780573
7.5 3.6386405754217725
7.75 3.569605959429698
8. 3.5014648770762764
8.25 3.4343452472881886
8.5 3.3683421448788526
8.75 3.303523885413911
9. 3.2399369700338405
9.25 3.177610134395975
9.5 3.116557691145103
9.75 3.0567823121750664
10. 2.9982773632846444
10.25 2.941028877720618
10.5 2.885017234931399
10.75 2.8302185953385286
11. 2.7766061300394203
11.25 2.724151075243537
11.5 2.672823634257476
11.75 2.622593744487347
12. 2.5734317228918595
12.25 2.525308800368982
12.5 2.4781975534997014
12.75 2.4320722407089694
13. 2.386909049051019
13.25 2.342686257339956
13.5 2.299384321145313
13.75 2.2569858852127647
14. 2.215475729109074
14.25 2.174840652252787
14.5 2.135069304892114
14.75 2.096151971960818
15. 2.0580803170681867
15.25 2.0208470941805197
15.5 1.9844458348477014
15.75 1.9488705190958893
16. 1.9141152382960436
16.25 1.8801738583649483
16.5 1.847039691549812
16.75 1.814705184798408
17. 1.783161632355457
17.25 1.7523989197433005
17.5 1.7224053056537507
17.75 1.6931672474604125
18. 1.664669275061709
18.25 1.6368939166293106
18.5 1.6098216786256556
18.75 1.5834310812115313
19. 1.5576987488938843
19.25 1.532599554958894
19.5 1.5081068169097873
19.75 1.484192538836068
20. 1.4608276954546149
20.25 1.4379825515344955
20.5 1.41562700956525
20.75 1.3937309778359437
21. 1.3722647505536598
21.25 1.3511993912683573
21.5 1.3305071107263624
21.75 1.31016163037599
22. 1.2901385230800502
22.25 1.270415523106867
22.5 1.2509727981193675
22.75 1.231793176648861
23. 1.2128623254325785
23.25 1.194168872033755
23.5 1.1757044693407732
23.75 1.1574637998090938
24. 1.1394445186285955
24.25 1.121647136327806
24.5 1.1040748426725897
24.75 1.086733275080736
25. 1.069630236126288
25.25 1.0527753659942876
25.5 1.0361797768828211
25.75 1.0198556572860829
26. 1.0038158548132237
26.25 0.9880734467172246
26.5 0.9726413076324646
26.75 0.957531684139921
27. 0.942755785655077
27.25 0.9283234007554589
27.5 0.914242547449039
27.75 0.9005191650777958
28. 0.8871568545970226
28.25 0.8741566728946565
28.5 0.8615169856121239
28.75 0.8492333816036604
29. 0.8372986507634402
29.25 0.8257028255161492
29.5 0.814433284879928
29.75 0.8034749187010657
30. 0.7928103484305795
30.25 0.78242019965144
30.5 0.7722834204765663
30.75 0.7623776389589251
31. 0.7526795518271985
31.25 0.743165336216324
31.5 0.7338110755980286
31.75 0.7245931908137424
32. 0.7154888669640254
32.25 0.7064764669374963
32.5 0.697535922598769
32.75 0.6886490951143522
33. 0.6798000965668706
33.25 0.6709755658400081
33.5 0.6621648927161361
33.75 0.6533603851993594
34. 0.6445573762657428
34.25 0.6357542675489479
34.5 0.6269525088688608
34.75 0.6181565139394091
35. 0.6093735139920173
35.25 0.6006133523740205
35.5 0.5918882244262657
35.75 0.5832123680929393
36. 0.5746017117653947
36.25 0.5660734867619535
36.5 0.5576458125665172
36.75 0.5493372634698107
37. 0.5411664256034296
37.25 0.5331514535551789
37.5 0.5253096358249533
37.75 0.5176569783033659
38. 0.5102078146963326
38.25 0.5029744523513358
38.5 0.49596686125950745
38.75 0.4891924131503013
39. 0.48265567657319186
39.25 0.4763582727015485
39.5 0.4702987952881106
39.75 0.4644727967736483
40. 0.4588728410418831
40.25 0.45348862179708904
40.5 0.4483071440831656
40.75 0.443312965100726
41. 0.4384884892202116
41.25 0.43381431091982126
41.5 0.4292695983195488
41.75 0.4248325090538482
42. 0.4204806294801404
42.25 0.41619142767208633
42.5 0.4119427103040668
42.75 0.4077130733835571
43. 0.4034823368338576
43.25 0.3992319531996654
43.5 0.3949453812721128
43.75 0.3906084162230044
44. 0.3862094688672155
44.25 0.3817397878922549
44.5 0.377193620239968
44.75 0.3725683062611308
45. 0.3678643077651506
45.25 0.3630851686226141
45.5 0.35823740911278035
45.75 0.35333035666160867
46. 0.3483759169614769
46.25 0.3433882906624401
46.5 0.33838364190134396
46.75 0.3333797258954827
47. 0.32839548367671495
47.25 0.3234506127446449
47.5 0.31856512293385286
47.75 0.3137588871000144
48. 0.30905119632223865
48.25 0.3044603292149037
48.5 0.30000314463900213
48.75 0.29569470659465247
49. 0.29154794934912254
49.25 0.2875733899117517
49.5 0.2837788938604187
49.75 0.2801694992980204
50. 0.2767473024332624
50.25 0.2735114069584241
50.5 0.2704579380370557
50.75 0.2675801203301325
51. 0.26486841809759665
51.25 0.26231073406500227
51.5 0.259892662490795
51.75 0.25759779073657185
52. 0.25540804263820927
52.25 0.25330405611066614
52.5 0.2512655867067467
52.75 0.24927192833439388
53. 0.2473023420386904
53.25 0.24533648369370278
53.5 0.24335482158397595
53.75 0.2413390351665962
54. 0.2392723867462731
54.25 0.23714005838506935
54.5 0.23492944709830224
54.75 0.23263041227707637
55. 0.2302354702888739
55.25 0.22773993232087464
55.5 0.2251419827023543
55.75 0.22244269616521953
56. 0.2196459937798184
56.25 0.21675853861437003
56.5 0.213789573486151
56.75 0.21075070444370791
57. 0.20765563478172225
57.25 0.20451985543030854
57.5 0.20136029845704298
57.75 0.1981949611868357
58. 0.19504250906441434
58.25 0.1919218658328359
58.5 0.18885179984734676
58.75 0.18585051538239658
59. 0.18293525763561816
59.25 0.1801219398179912
59.5 0.17742480024630705
59.75 0.17485609673839667
60. 0.1724258448205348
60.25 0.17014160530888875
60.5 0.16800832573809787
60.75 0.1660282389294597
61. 0.16420082075391484
61.25 0.16252280786846737
61.5 0.16098827489418005
61.75 0.15958876917656567
62. 0.15831349995074712
62.25 0.15714957748975233
62.5 0.1560822966914697
62.75 0.1550954585829398
63. 0.15417172241426813
63.25 0.15329298036845612
63.5 0.15244074645210326
63.75 0.15159655087557725
64. 0.15074233120461109
64.25 0.1498608117595802
64.5 0.14893586312381915
64.75 0.14795283416442515
65. 0.1468988496221927
65.25 0.14576306711139375
65.5 0.1445368882666011
65.75 0.14321411979850426
66. 0.14179108133458843
66.25 0.14026665810102706
66.5 0.13864229770112585
66.75 0.136921951465203
67. 0.13511196206990772
67.25 0.13322090033567793
67.5 0.1312593552790304
67.75 0.12923968254277216
68. 0.12717571722991816
68.25 0.12508245787211414
68.5 0.122975728798927
68.75 0.12087182852891161
69. 0.11878717199976974
69.25 0.116737934459388
69.5 0.11473970466235771
69.75 0.11280715465004629
70. 0.11095373288661292
70.25 0.10919138690181025
70.5 0.10753032090132399
70.75 0.10597879303538517
71. 0.10454295616564911
71.25 0.10322674504413054
71.5 0.10203181182029601
71.75 0.10095751078368148
72. 0.10000093222453717
72.25 0.09915698429427443
72.5 0.09841852075203417
72.75 0.09777651149917209
73. 0.09722025187091309
73.25 0.09673760579411883
73.5 0.0963152771929413
73.75 0.09593910344277176
74. 0.09559436424372686
74.25 0.09526609900625813
74.5 0.094939425717395
74.75 0.0945998543063126
75. 0.09423358774933634
75.25 0.0938278045516107
75.5 0.0933709167718795
75.75 0.0928527983919239
76. 0.0922649795429591
76.25 0.09160080289537165
76.5 0.0908555393843478
76.75 0.09002646137497203
77. 0.0891128723335003
77.25 0.08811609301404096
77.5 0.08703940506883831
77.75 0.08588795383644011
78. 0.08466861285540506
78.25 0.08338981341201515
78.5 0.08206134312732176
78.75 0.08069411819148394
79. 0.07929993434802302
79.25 0.07789120209549517
79.5 0.07648067183348525
79.75 0.07508115485277518
80. 0.07370524615123643
80.25 0.07236505503165615
80.5 0.07107194927222892
80.75 0.06983631834333007
81. 0.06866736068936195
81.25 0.06757289951178758
81.5 0.06655923082114833
81.75 0.06563100676442878
82. 0.06479115641230776
82.25 0.06404084530856695
82.5 0.0633794741829443
82.75 0.06280471635213711
83. 0.06231259248299006
83.25 0.06189758060299407
83.5 0.06155275848336967
83.75 0.06126997482075989
84. 0.06104004501167217
84.25 0.06085296678697906
84.5 0.060698150584527016
84.75 0.06056465926659213
85. 0.06044145164567303
85.25 0.06031762422157496
85.5 0.060182645605151894
85.75 0.060026578292855584
86. 0.05984028282700281
86.25 0.05961559990546175
86.5 0.05934550667032177
86.75 0.05902424415495134
87. 0.058647413654168076
87.25 0.058212040587804235
87.5 0.05771660522225265
87.75 0.05716104041894279
88. 0.0565466973353736
88.25 0.05587628072542176
88.5 0.05515375612063321
88.75 0.05438423172934458
89. 0.05357381836572361
89.25 0.05272947110856172
89.5 0.05185881668340519
89.75 0.05096997074535604
90. 0.05007134931896881
90.25 0.04917147862826741
90.5 0.0482788074734162
90.75 0.047401526168975194
91. 0.04654739587064664
91.25 0.04572359182848552
91.5 0.044936563713929026
91.75 0.044191915667593916
92. 0.04349430814636784
92.25 0.04284738305972165
92.5 0.04225371311921956
92.75 0.04171477577585124
93. 0.041230951603285514
93.25 0.04080154646002431
93.5 0.040424836269366285
93.75 0.04009813277459399
94. 0.039817868220007234
94.25 0.03957969654701902
94.5 0.03937860842276752
94.75 0.03920905720062477
95. 0.03906509279329469
95.25 0.03894050038257887
95.5 0.03882894092335965
95.75 0.038724090465502035
96. 0.03861977540999578
96.25 0.03851010090926395
96.5 0.03838956973928346
96.75 0.03825318915512581
97. 0.038096563516731845
97.25 0.037915970850630816
97.5 0.037708421962395114
97.75 0.03747170117877416
98. 0.0372043882574875
98.25 0.03690586142293425
98.5 0.036576281899928564
98.75 0.0362165607251442
99. 0.035828309024808234
99.25 0.03541377334818422
99.5 0.03497575802160059
99.75 0.03451753681596774
100. 0.034042756495068785
100.25 0.033555335005614605
100.5 0.03305935715111319
100.75 0.032558970555692665
101. 0.03205828457089514
101.25 0.03156127453673946
101.5 0.03107169354708915
101.75 0.030592993595072022
102. 0.030128257723112187
102.25 0.029680144518009273
102.5 0.02925084596151143
102.75 0.028842059256993083
103. 0.028454972816879795
103.25 0.028090266167298397
103.5 0.0277481231366696
103.75 0.02742825736719163
104. 0.02712994893261829
104.25 0.026852090634431957
104.5 0.026593242389906666
104.75 0.02635169199809022
105. 0.026125520457463386
105.25 0.025912669904662823
105.5 0.025711012137271984
105.75 0.025518415608769524
106. 0.025332808773650888
106.25 0.025152237771257253
106.5 0.024974916684596234
106.75 0.024799268972209423
107. 0.024623959091942323
107.25 0.02444791375321608
107.5 0.024270332600739807
107.75 0.024090688459046126
108. 0.023908717546018227
108.25 0.023724400344686324
108.5 0.023537934090338154
108.75 0.023349698096871575
109. 0.023160213396815697
109.25 0.022970098378790268
109.5 0.022780022267669304
109.75 0.022590658363608743
110. 0.022402638911458217
110.25 0.022216513310592587
110.5 0.022032711101928247
110.75 0.02185151086462925
111. 0.021673015860523722
111.25 0.021497137040192897
111.5 0.021323583860615607
111.75 0.02115186323336627
112. 0.020981286764064737
112.25 0.020810986249528672
112.5 0.020639937138262482
112.75 0.02046698937709364
113. 0.020290904777133505
113.25 0.020110399762174363
113.5 0.019924192149223283
113.75 0.019731050462561076
114. 0.019529844221985296
114.25 0.019319593659856284
114.5 0.019099517382830982
114.75 0.01886907655094218
115. 0.018628014175304575
115.25 0.018376388127570368
115.5 0.018114596463017878
115.75 0.01784339373388875
116. 0.017563897162451537
116.25 0.01727758186527158
116.5 0.016986264736036483
116.75 0.016692077055624543
117. 0.016397426352386824
117.25 0.016104948432286454
117.5 0.01581745081366654
117.75 0.015537849022499783
118. 0.015269097317810208
118.25 0.015014115473223592
118.5 0.01477571326437761
118.75 0.01455651436657234
119. 0.014358881461867465
119.25 0.014184844489579056
119.5 0.014036034074346152
119.75 0.013913622184320157
120. 0.013818271955810289
120.25 0.013750098379075584
120.5 0.013708641198840786
120.75 0.013692850997170469
121. 0.013701089039073867
121.25 0.013731141099387972
121.5 0.013780245194516696
121.75 0.013845132879897665
122. 0.01392208358165713
122.25 0.014006991239375943
122.5 0.014095442320214086
122.75 0.014182803981254771
123. 0.0142643207983378
123.25 0.014335218096823518
123.5 0.014390809560210528
123.75 0.014426606546016378
124. 0.014438426424659733
124.25 0.014422497284655467
124.5 0.014375556471557104
124.75 0.014294940614321556
125. 0.014178664994772473
125.25 0.014025490306385611
125.5 0.013834975017346724
125.75 0.013607511701283976
126. 0.013344345838909085
126.25 0.013047575792670262
126.5 0.0127201329445189
126.75 0.012365741442334505
127. 0.011988857577980313
127.25 0.01159458952354121
127.5 0.01118859885132731
127.75 0.010776985914414927
128. 0.01036616168384923
128.25 0.009962709026738969
128.5 0.009573236655933227
128.75 0.00920422912749336
129. 0.008861896319324858
129.25 0.008552025830520693
129.5 0.008279841721274704
129.75 0.008049872982109452
130. 0.007865835067335267
130.25 0.007730527710979704
130.5 0.007645752002353884
130.75 0.007612249297343148
131. 0.007629663959859833
131.25 0.0076965312255100095
131.5 0.00781029071096905
131.75 0.007967325351619333
132. 0.008163024876375527
132.25 0.008391872373452954
132.5 0.008647552044930338
132.75 0.008923075907081633
133. 0.009210926916449827
133.25 0.009503215766485912
133.5 0.00979184834933169
133.75 0.010068700580466237
134. 0.010325796955282797
134.25 0.010555488878772524
134.5 0.010750628572110933
134.75 0.010904734277225374
135. 0.011012142600471982
135.25 0.011068144152771364
135.5 0.011069099130548302
135.75 0.011012530069049462
136. 0.010897189651172754
136.25 0.010723102101518516
136.5 0.010491577305261629
136.75 0.010205197325244686
137. 0.009867775448646227
137.25 0.009484288318079208
137.5 0.00906078212011069
137.75 0.008604254304635971
138. 0.008122512873288145
138.25 0.007624015916875337
138.5 0.007117694714093388
138.75 0.0066127642663011705
139. 0.006118525574799582
139.25 0.005644164231381632
139.5 0.005198549962020014
139.75 0.0047900416690774585
140. 0.0044263022501399634
140.25 0.004114127111319888
140.5 0.0038592898699316134
140.75 0.0036664083513442943
141. 0.003538833633086676
141.25 0.003478564589546546
141.5 0.003486190082018846
141.75 0.0035608605716801983
142. 0.0037002904367262565
142.25 0.0039007916582704054
142.5 0.0041573387905161525
142.75 0.004463664315043648
143. 0.0048123826188991295
143.25 0.005195140014092472
143.5 0.005602787475185114
143.75 0.0060255721875363405
144. 0.006453343595222688
144.25 0.0068757694299958335
144.5 0.0072825571338087786
144.75 0.007663676111401235
145. 0.008009576284265948
145.25 0.008311398461539936
145.5 0.008561172074638348
145.75 0.008751995896643659
146. 0.008878197514301868
146.25 0.008935467585585615
146.5 0.008920965325571397
146.75 0.008833392250410344
147. 0.008673031973287048
147.25 0.008441754756412595
147.5 0.008142986536481794
147.75 0.007781643138670409
148. 0.007364031320922224
148.25 0.006897719054829678
148.5 0.006391378060221125
148.75 0.005854602063917785
149. 0.0052977046038706075
149.25 0.0047315004787693874
149.5 0.004167075177821785
149.75 0.0036155468624533916
150. 0.003087825692863199
150.25 0.0025943755354704535
150.5 0.0021449832741269343
150.75 0.0017485410516749063
151. 0.001412846696849661
151.25 0.001144427295019005
151.5 0.0009483903291084602
151.75 0.000828306087417388
152. 0.0007861241488211449
152.25 0.0008221258157619135
152.5 0.0009349133982987204
152.75 0.0011214363399203154
153. 0.0013770533388012115
153.25 0.001695628897944507
153.5 0.0020696621298501284
153.75 0.002490445124630959
154. 0.002948247715722622
154.25 0.0034325249987405258
154.5 0.003932143443982763
154.75 0.004435620922763385
155. 0.004931375473249371
155.25 0.005407977234514477
155.5 0.005854397731699786
155.75 0.0062602506398338606
156. 0.006616018316635716
156.25 0.006913258780315152
156.5 0.007144788413267488
156.75 0.007304836435694373
157. 0.007389168063084327
157.25 0.007395174131514497
157.5 0.007321925791573748
157.75 0.007170193585733334
158. 0.00694243084626933
158.25 0.00664272191027916
158.5 0.006276696181665213
158.75 0.0058514096082356816
159. 0.005375195709643733
159.25 0.004857488896713992
159.5 0.00430862347486371
159.75 0.003739612404403693
160. 0.003161910540843676
