0. 0. 
0.25 0.45044625409848293
0.5 0.8848879199121994
0.75 1.2919484412160482
1. 1.666268107461692
1.25 2.0061843448306775
1.5 2.3102946467203522
1.75 2.576133304496149
2. 2.8019194692086677
2.25 2.9892956318537527
2.5 3.1439826424102986
2.75 3.27322915453537
3. 3.3820031995798994
3.25 3.471193712658222
3.5 3.5393932779129322
3.75 3.5866330592380424
4. 3.616660162502273
4.25 3.635645743797338
4.5 3.6484477485960265
4.75 3.655798990187311
5. 3.6549940792726203
5.25 3.6435049332988623
5.5 3.622300668050992
5.75 3.5958944154757395
6. 3.5690801993789174
6.25 3.543308112981963
6.5 3.5159762563073595
6.75 3.4832890170089974
7. 3.444114810835555
7.25 3.4013769931133235
7.5 3.359740116771171
7.75 3.3216944046108723
8. 3.2855768506705476
8.25 3.2473072692935547
8.5 3.2042606224655192
8.75 3.1577786200968165
9. 3.1120689735735576
9.25 3.070510724956406
9.5 3.0327166541499566
9.75 2.994998383695147
10. 2.9537912465569534
10.25 2.908928017674068
10.5 2.8638100227690777
10.75 2.822347750638183
11. 2.7854611828638856
11.25 2.7503050727786067
11.5 2.7128963384077216
11.75 2.671740568664592
12. 2.6291719532048123
12.25 2.589216550387424
12.5 2.553943133995286
12.75 2.5216164612027487
13. 2.488307472884507
13.25 2.451471683300765
13.5 2.412238926110669
13.75 2.37435388730858
14. 2.340758548433905
14.25 2.310934379025563
14.5 2.281405084885696
14.75 2.248914614763706
15. 2.2133749056223606
15.25 2.17791343951406
15.5 2.146004988650973
15.75 2.1183163445669644
16. 2.092128806001788
16.25 2.0638380416877093
16.5 2.0322338753571847
16.75 1.9995758766479492
17. 1.9695089348321295
17.25 1.9437407431450575
17.5 1.920509756981456
17.75 1.896218368413668
18. 1.8687183306010098
18.25 1.8392481123776443
18.5 1.8112739693952256
18.75 1.7873162193607401
19. 1.7666638474157663
19.25 1.7460470292822265
19.5 1.722629324536271
19.75 1.696577570551714
20. 1.670875829952823
20.25 1.6485771363170616
20.5 1.630016039546594
20.75 1.612518653558424
21. 1.592852249541678
21.25 1.5701611088162162
21.5 1.5467121121842287
21.75 1.525790282183894
22. 1.5086849143744088
22.25 1.4935186067161186
22.5 1.476970117673475
22.75 1.4572976133871216
23. 1.4358976421280496
23.25 1.4159919458075498
23.5 1.399662526139332
23.75 1.38595040719779
24. 1.3717421450454677
24.25 1.3546135683440133
24.5 1.3350229961582862
24.75 1.3158599849794321
25. 1.2997822423689214
25.25 1.2867864487421177
25.5 1.274226213580248
25.75 1.2592415987380012
26. 1.2413656498974197
26.25 1.2229291713212167
26.5 1.2069114759911146
26.75 1.1942172763400984
27. 1.182868353817999
27.25 1.1698329210272755
27.5 1.1538034756207316
27.75 1.1363810291433176
28. 1.1205966919448909
28.25 1.1081394642759248
28.5 1.0978298972014717
28.75 1.0867236155535562
29. 1.072818066628134
29.25 1.056879668781674
29.5 1.0417293245664003
29.75 1.0296566402410934
30. 1.020337102982949
30.25 1.0111505291093896
30.5 0.9995930181291388
30.75 0.9855648936001496
31. 0.9714456952942642
31.25 0.9599028734884685
31.5 0.9514513075203874
31.75 0.943994731584337
32. 0.9347546061874225
32.25 0.9228081583290821
32.5 0.9099126317327784
32.75 0.8988740555458847
33. 0.8909673890042301
33.25 0.8847718793010436
33.5 0.8774768396129508
33.75 0.8674485980240569
34. 0.8557045677304046
34.25 0.8449543196433755
34.5 0.8370998445869071
34.75 0.8314899177742695
35. 0.8255197141913041
35.25 0.8170129977422084
35.5 0.8061981321550087
35.75 0.7954740398566922
36. 0.7871938691674254
36.25 0.7815051033041155
36.5 0.776220803371147
36.75 0.7688275079929038
37. 0.7587809080133844
37.25 0.7479883276155421
37.5 0.7390476512480394
37.75 0.7328665901915622
38. 0.7278432693886753
38.25 0.7213483527827854
38.5 0.7121395955781321
38.75 0.7014948207586232
39. 0.6920343007856885
39.25 0.6853228985705723
39.5 0.6804522364123164
39.75 0.6748941361600439
40. 0.6668315453808905
40.25 0.6568260326403706
40.5 0.6472998784338719
40.75 0.6403186154571711
41. 0.6357120484362611
41.25 0.6312508222054436
41.5 0.6247054712418254
41.75 0.6158934709491078
42. 0.6068411606700325
42.25 0.5999225041486955
42.5 0.5956886484141362
42.75 0.5923759446866266
43. 0.5875335452457091
43.25 0.5802697779526256
43.5 0.572058288729617
43.75 0.5653738852300662
44. 0.5614180160986846
44.25 0.5590203185335578
44.5 0.5557154228648867
44.75 0.5499982284836111
45. 0.5426875503845697
45.25 0.5361548576970435
45.5 0.5321352234133616
45.75 0.5301315332575213
46. 0.5278696562483945
46.25 0.5233776029971272
46.5 0.5167774812416752
46.75 0.5101517145298742
47. 0.50561599741831
47.25 0.5033721923385275
47.5 0.5015237111194103
47.75 0.49781358896330885
48. 0.4916846847858156
48.25 0.48477464830735517
48.5 0.47940057212436327
48.75 0.47643067896333074
49. 0.47449444396185014
49.25 0.4712475123270028
49.5 0.46552316812239436
49.75 0.4583963812689808
50. 0.4521917912009069
50.25 0.44835401185593776
50.5 0.44613549778555583
50.75 0.44329895155306054
51. 0.4381809978951072
51.25 0.4312209058119884
51.5 0.42455736684494355
51.75 0.4200720026632979
52. 0.41767838176041594
52.25 0.41542152463469767
52.5 0.4112874817893384
52.75 0.40505746047426244
53. 0.39850857959480523
53.25 0.3937856355123365
53.5 0.39144370118944943
53.75 0.38995518751191954
54. 0.3871250980347776
54.25 0.38210884756574276
54.5 0.376181957752643
54.75 0.3715631964910683
55. 0.36937866020521065
55.25 0.36863537551288866
55.5 0.3671390747513902
55.75 0.3635057670831594
56. 0.3584195115910228
56.25 0.3539886048877557
56.5 0.3517997299641034
56.75 0.35145893231666575
57. 0.35095322442809024
57.25 0.3484923273873401
57.5 0.34413621619237905
57.75 0.33971910960914126
58. 0.3371486292801621
58.25 0.3366467507910164
58.5 0.33654435603221344
58.75 0.33480964647951356
59. 0.33090135553556044
59.25 0.32624743235776776
59.5 0.3229179743606128
59.75 0.321717879255637
60. 0.32145003870134076
60.25 0.3200182553204543
60.5 0.31634971700245546
60.75 0.3113709891296734
61. 0.30714790766047584
61.25 0.3049871188600836
61.5 0.3042447155308271
61.75 0.30293045309897493
62. 0.29954451433950396
62.25 0.29445657659278407
62.5 0.2895648763356642
62.75 0.2865562040916175
63. 0.28536910622957223
63.25 0.2842685270503063
63.5 0.2814555790416786
63.75 0.2767285192103014
64. 0.27167092433568346
64.25 0.2682010177093378
64.5 0.26682023397676685
64.75 0.2661690531837705
65. 0.26429170279280156
65.25 0.2604417013961296
65.5 0.25576897872585075
65.75 0.2522625823618717
66. 0.2509263526782765
66.25 0.25086487877393465
66.5 0.2501149524485041
66.75 0.24745251645370647
67. 0.2435128174593244
67.25 0.24019819898932968
67.5 0.2389235207435394
67.75 0.23931407964979512
68. 0.23954971717888457
68.25 0.23803352837843456
68.5 0.23484889309890947
68.75 0.2316682084803573
69. 0.2302024927575071
69.25 0.2306200837728975
69.5 0.23138626088611178
69.75 0.2306665711619879
70. 0.22800087569275282
70.25 0.22471083267800307
70.5 0.22267099805476523
70.75 0.2225768470868122
71. 0.22330116314337478
71.25 0.222926290072946
71.5 0.22049977246444907
71.75 0.21689994320642966
72. 0.21401987890231716
72.25 0.2130239051610172
72.5 0.21327963484703447
72.75 0.21294358520578816
73. 0.21065785519588046
73.25 0.2067973637308022
73.5 0.20312438454056014
73.75 0.20117222265489035
74. 0.20084511565397967
74.25 0.20051842588818217
74.5 0.19854244199446658
74.75 0.19476532732492388
75. 0.1906774102372597
75.25 0.18804844158062262
75.5 0.18731280456077595
75.75 0.18718513529345734
76. 0.18585517497296133
76.25 0.18266037395086335
76.5 0.1786996728489582
76.75 0.1758282068710938
77. 0.17496020906375112
77.25 0.17523950149013548
77.5 0.17483613449861335
77.75 0.1726331556112548
78. 0.169252798555989
78.25 0.16648221043906067
78.5 0.16563041136987278
78.75 0.16632749172141992
79. 0.16686681265707945
79.25 0.165771728084582
79.5 0.16314549952267102
79.75 0.1605662308931159
80. 0.15962753212372677
80.25 0.16046822580104264
80.5 0.1616406398749963
80.75 0.16143470584685177
81. 0.15943868804050448
81.25 0.1569036600731846
81.5 0.1555807643911075
81.75 0.1561028414224709
82. 0.15739716672014534
82.25 0.15766555874435562
82.5 0.15602814019693964
82.75 0.1533204599327356
83. 0.15131487387838258
83.25 0.15108524649127267
83.5 0.15201826505549834
83.75 0.152377062327015
84. 0.15089567722632524
84.25 0.14793822142687438
84.5 0.14516010784920091
84.75 0.14398633775298927
85. 0.14430663018900594
85.25 0.14458433450906608
85.5 0.14327526186212322
85.75 0.14025062316309528
86. 0.13691801131289114
86.25 0.13493279153817175
86.5 0.1346862434761843
86.75 0.13495848780922207
87. 0.13405145780241845
87.25 0.1313579352084516
87.5 0.12792522679405063
87.75 0.1254986217535157
88. 0.12492642396775132
88.25 0.12539199653835512
88.5 0.1251753611526449
88.75 0.1232411958548297
89. 0.1201934266135233
89.25 0.11772177878234429
89.5 0.11705206905734063
89.75 0.11782511857517453
90. 0.11843211833106823
90.25 0.11749488363906219
90.5 0.11512944563974724
90.75 0.11283379841074656
91. 0.1121063922868997
91.25 0.11306666048579479
91.5 0.11434376635051885
91.75 0.11433253674549214
92. 0.11266047317683336
92.25 0.11051896462865288
92.5 0.1095577432420247
92.75 0.11036110712623695
93. 0.11190572556026616
93.25 0.11249535484358346
93.5 0.11131095143190389
93.75 0.10915198165289874
94. 0.10769066066990651
94.25 0.10792747440710397
94.5 0.10926773899794354
94.75 0.11006539334470403
95. 0.10913138482174196
95.25 0.10681985317550491
95.5 0.10469622445712523
95.75 0.10409535942483701
96. 0.10489590327731613
96.25 0.10563528305238448
96.5 0.10485651839234336
96.75 0.1024476435035233
97. 0.09974433536498253
97.25 0.09830452135958291
97.5 0.0984828646886288
97.75 0.09911393039270036
98. 0.09859201375589126
98.25 0.09635296201890334
98.5 0.09339676366319621
98.75 0.0913734337150073
99. 0.09107458944851571
99.25 0.09171657676022466
99.5 0.09167112255085753
99.75 0.0899692603228684
100. 0.08719612069673414
100.25 0.08495659406319099
100.5 0.08440559263497689
100.75 0.08519405187978897
101. 0.0857970232616472
101.25 0.0849193694939
101.5 0.08268624109460088
101.75 0.08052615309278299
102. 0.07985709245782273
102.25 0.08078446171931826
102.5 0.08200591636860097
102.75 0.08200756654833671
103. 0.08045056107607858
103.25 0.07847499353620792
103.5 0.07764487759598807
103.75 0.0785059136264491
104. 0.08008085642603104
104.25 0.08076355228191598
104.5 0.07978783632894922
104.75 0.07792180049991265
105. 0.07675214520079457
105.25 0.07721892935777792
105.5 0.0787474848693004
105.75 0.07977295953500411
106. 0.07917285635151991
106.25 0.07729070544591461
106.5 0.07561241508039118
106.75 0.07539568129156358
107. 0.07651298960918233
107.25 0.07756963423143766
107.5 0.07718535498192294
107.75 0.07526045610665012
108. 0.0730643694181321
108.25 0.07206823523100757
108.5 0.07259603562186849
108.75 0.0735327263568537
109. 0.07335463183648272
109.25 0.0715330792477232
109.5 0.0690219652730126
109.75 0.06738387365657854
110. 0.06736002382501298
110.25 0.06819782969432006
110.5 0.06835127553640778
110.75 0.06690780391257745
111. 0.06443020481728629
111.25 0.06244217827170273
111.5 0.062033035130616816
111.75 0.06286429187792265
112. 0.06348882597117415
112.25 0.06268624826147477
112.5 0.06058616692322137
112.75 0.05854881270937469
113. 0.057915692806175964
113.25 0.05877985373353149
113.5 0.059904455401726536
113.75 0.05986150033043533
114. 0.05834241277171572
114.25 0.05643707621090335
114.5 0.055627848118167934
114.75 0.05642525765454119
115. 0.057898650049963
115.25 0.05853036543632142
115.5 0.05760604480781931
115.75 0.055863556979608334
116. 0.054806888963857006
116.25 0.05531840073131082
116.5 0.056845306321719746
116.75 0.057905808670339745
117. 0.05744691230863868
117.25 0.05580524791447529
117.5 0.054389887933588996
117.75 0.05438169089363087
118. 0.05564588489455987
118.25 0.05685578839886373
118.5 0.05671106160335763
118.75 0.05512923663168157
119. 0.05331662604692806
119.25 0.052656372119959306
119.5 0.05343762599000816
119.75 0.05459313230112188
120. 0.05468360675551498
120.25 0.05322181368201035
120.5 0.051119556283857136
120.75 0.04984922854932998
121. 0.050093040158623064
121.25 0.05112164673055103
121.5 0.051471047191642805
121.75 0.05029290432565436
122. 0.04813641887072555
122.25 0.04644487527001444
122.5 0.04623216608344768
122.75 0.04715670466120859
123. 0.04784235688075238
123.25 0.047148696841778186
123.5 0.04522158448954604
123.75 0.04335946737566378
124. 0.04282079643862716
124.25 0.04367037067050948
124.5 0.04472430200887757
124.75 0.044641801767272546
125. 0.04315835146067686
125.25 0.041327017053173785
125.5 0.040548193534373056
125.75 0.041281596735678446
126. 0.042624495134442913
126.25 0.04314205352574161
126.5 0.04218458796671016
126.75 0.04048065726492534
127. 0.039462506267351344
127.25 0.03994601254888653
127.5 0.041379176507522875
127.75 0.04234863610367823
128. 0.041876643707909396
128.25 0.040315540125746424
128.5 0.03901865351823062
128.75 0.03909213030380802
129. 0.040376074829904594
129.25 0.0415907617476252
129.5 0.041511733608545
129.75 0.04009255962893481
130. 0.03850388004598517
130.25 0.03805462795648264
130.5 0.03898827616394684
130.75 0.04026014232841
131. 0.04049874170121748
131.25 0.03926614304095704
131.5 0.03745904829309289
131.75 0.036483532118848035
132. 0.03696348582861934
132.25 0.03816991470404054
132.5 0.0386941577383319
132.75 0.03774462203110975
133. 0.03587488086699854
133.25 0.03447521031119404
133.5 0.0344965212844033
133.75 0.03557992986730059
134. 0.03639071987570314
134.25 0.03584793825360629
134.5 0.03411877701129872
134.75 0.03246482589370566
135. 0.03208332198997797
135.25 0.033009328630102176
135.5 0.03408700940712973
135.75 0.034034539610198984
136. 0.032622702925961325
136.25 0.03088447530678012
136.5 0.030164734539749632
136.75 0.03088484957997679
137. 0.03215728532975161
137.25 0.0326027338566758
137.5 0.03161723787326433
137.75 0.029924787440310942
138. 0.02890914358841648
138.25 0.02934073950366859
138.5 0.03066903469446366
138.75 0.031529316097811295
139. 0.030996373241874316
139.25 0.029432281700674374
139.5 0.02815031044511943
139.75 0.028205687946894004
140. 0.029425427955363754
140.25 0.030567970292571946
140.5 0.030464153662517483
140.75 0.029089919435992123
141. 0.02758559563109898
141.25 0.027205820259501214
141.5 0.028166402766779744
141.75 0.02944747580993147
142. 0.02973215851543664
142.25 0.02861665380460843
142.5 0.0269797903166743
142.75 0.026173903968219534
143. 0.026782142995483444
143.25 0.02808434231105913
143.5 0.028720948796556085
143.75 0.02794326220444171
144. 0.026300688319555746
144.25 0.025134637140121357
144.5 0.02534579905934865
144.75 0.026568182423958236
145. 0.02750787106366887
145.25 0.027133458765052593
145.5 0.025623363343421413
145.75 0.024200287500332478
146. 0.024006643287068665
146.25 0.02505539144793081
146.5 0.026219839757918004
146.75 0.026270142610797256
147. 0.025002851445089656
147.25 0.02342591546753509
147.5 0.022830730734120414
147.75 0.023605319075287214
148. 0.024879112786764974
148.25 0.025324261519674405
148.5 0.024375618594291954
148.75 0.022748203804354966
149. 0.021778001081063588
149.25 0.022193469840943638
149.5 0.023447072870807426
149.75 0.02421995976284169
150. 0.023634432100515055
150.25 0.02205944918634693
150.5 0.020769969973100204
150.75 0.02077482299078581
151. 0.021890990159358446
151.25 0.022914157235928188
151.5 0.022727131886639437
151.75 0.021326556246935996
152. 0.01982499167603938
152.25 0.019428052710739056
152.5 0.020327687864089106
152.75 0.02152826129131375
153. 0.021763734775316436
153.25 0.020661829394521273
153.5 0.019085496461519497
153.75 0.01833930519733052
154. 0.018971386277603936
154.25 0.020271907606803235
154.5 0.02092760085373225
154.75 0.02022934276241565
155. 0.018722773307173392
155.25 0.017705226014549404
155.5 0.018032819217831602
155.75 0.01933444839639719
156. 0.02035399749978539
156.25 0.02010473114971425
156.5 0.01877434977019158
156.75 0.017549835539309156
157. 0.017524634703938977
157.25 0.01869330776910257
157.5 0.01995688302925475
157.75 0.02013242666993842
158. 0.019038027667350167
158.25 0.01765658687337356
158.5 0.017229445604358542
158.75 0.018114033243216764
159. 0.019455163639720326
159.25 0.019970677168780086
159.5 0.019128173823068962
159.75 0.0176314978832684
160. 0.01677126673880181