#etamin	etamax	ptmin	ptmax	eff	deff_high	deff_low
-2.4	-2.1	10	13	0.791674	0.012838	 0.0130565
-2.1	-1.6	10	13	0.786004	0.0121371	 0.00897346
-1.6	-1.2	10	13	0.759808	0.011054	 0.01135
-1.2	-0.8	10	13	0.671818	0.0120786	 0.0120337
-0.8	-0.3	10	13	0.659555	0.0131008	 0.013007
-0.3	-0.2	10	13	0.548277	0.0342866	 0.0346298
-0.2	0.2	10	13	0.584934	0.0182013	 0.0180732
0.2	0.3	10	13	0.587514	0.0339537	 0.0342911
0.3	0.8	10	13	0.661293	0.0133964	 0.0133145
0.8	1.2	10	13	0.680578	0.0129285	 0.0130627
1.2	1.6	10	13	0.749282	0.0100454	 0.010121
1.6	2.1	10	13	0.802935	0.00934966	 0.00954907
2.1	2.4	10	13	0.78449	0.0125936	 0.0122692
-2.4	-2.1	13	16	0.825719	0.00915748	 0.00932413
-2.1	-1.6	13	16	0.83049	0.00724771	 0.00723205
-1.6	-1.2	13	16	0.793658	0.00850408	 0.00876764
-1.2	-0.8	13	16	0.735928	0.00876983	 0.00847887
-0.8	-0.3	13	16	0.730244	0.00857532	 0.00864365
-0.3	-0.2	13	16	0.663072	0.0248502	 0.0253985
-0.2	0.2	13	16	0.692669	0.0115794	 0.0116557
0.2	0.3	13	16	0.626165	0.00907239	 0.00913818
0.3	0.8	13	16	0.71667	0.00907239	 0.00913818
0.8	1.2	13	16	0.742339	0.00862755	 0.00868242
1.2	1.6	13	16	0.795824	0.00835788	 0.0086173
1.6	2.1	13	16	0.823232	0.0073628	 0.00742605
2.1	2.4	13	16	0.832999	0.00965912	 0.00985771
-2.4	-2.1	16	20	0.883348	0.00587683	 0.00604317
-2.1	-1.6	16	20	0.86801	0.00451473	 0.00454358
-1.6	-1.2	16	20	0.828893	0.00534005	 0.00531181
-1.2	-0.8	16	20	0.803581	0.00582717	 0.00585906
-0.8	-0.3	16	20	0.785405	0.0049293	 0.00494966
-0.3	-0.2	16	20	0.742463	0.013167	 0.0130729
-0.2	0.2	16	20	0.744116	0.00635452	 0.00635242
0.2	0.3	16	20	0.756874	0.0122795	 0.0123566
0.3	0.8	16	20	0.769424	0.00507802	 0.00511597
0.8	1.2	16	20	0.788912	0.00585244	 0.00584574
1.2	1.6	16	20	0.827187	0.00558464	 0.00558035
1.6	2.1	16	20	0.859309	0.00470229	 0.00471568
2.1	2.4	16	20	0.858706	0.0059964	 0.00608378
-2.4	-2.1	20	25	0.915743	0.0037064	 0.00379021
-2.1	-1.6	20	25	0.899122	0.00288093	 0.00288176
-1.6	-1.2	20	25	0.886938	0.00329601	 0.00333826
-1.2	-0.8	20	25	0.851927	0.0034598	 0.00351689
-0.8	-0.3	20	25	0.838859	0.00297305	 0.00298819
-0.3	-0.2	20	25	0.836259	0.00632146	 0.00638785
-0.2	0.2	20	25	0.829766	0.00308383	 0.00309228
0.2	0.3	20	25	0.824708	0.00657917	 0.00662976
0.3	0.8	20	25	0.837668	0.00294527	 0.00295673
0.8	1.2	20	25	0.857419	0.00326038	 0.00325169
1.2	1.6	20	25	0.875842	0.00344157	 0.00342009
1.6	2.1	20	25	0.903691	0.00268882	 0.0027046
2.1	2.4	20	25	0.905332	0.00361254	 0.00362741
-2.4	-2.1	25	30	0.940033	0.00249372	 0.00252955
-2.1	-1.6	25	30	0.935482	0.00182543	 0.00183573
-1.6	-1.2	25	30	0.918028	0.00215254	 0.0021584
-1.2	-0.8	25	30	0.897646	0.0023206	 0.00234466
-0.8	-0.3	25	30	0.888385	0.00184344	 0.001853
-0.3	-0.2	25	30	0.884584	0.00387601	 0.00390355
-0.2	0.2	25	30	0.886938	0.00182485	 0.00182737
0.2	0.3	25	30	0.886852	0.00411569	 0.00417198
0.3	0.8	25	30	0.887687	0.00185774	 0.00186424
0.8	1.2	25	30	0.892512	0.00230774	 0.00231524
1.2	1.6	25	30	0.916672	0.00221445	 0.00222466
1.6	2.1	25	30	0.933521	0.00179736	 0.00181783
2.1	2.4	25	30	0.938067	0.00247531	 0.00249124
-2.4	-2.1	30	40	0.966478	0.00102142	 0.00102284
-2.1	-1.6	30	40	0.964265	0.000759634	 0.00075735
-1.6	-1.2	30	40	0.956488	0.000855758	 0.00085932
-1.2	-0.8	30	40	0.945589	0.000840234	 0.000847391
-0.8	-0.3	30	40	0.939904	0.000707108	 0.000705191
-0.3	-0.2	30	40	0.936585	0.00163185	 0.00164901
-0.2	0.2	30	40	0.937355	0.000773175	 0.000776136
0.2	0.3	30	40	0.940134	0.00164097	 0.00166128
0.3	0.8	30	40	0.941211	0.00069467	 0.000697934
0.8	1.2	30	40	0.943293	0.000844201	 0.000846942
1.2	1.6	30	40	0.954206	0.000833924	 0.00084392
1.6	2.1	30	40	0.965294	0.000755831	 0.000766746
2.1	2.4	30	40	0.970089	0.00100842	 0.00102077
-2.4	-2.1	40	60	0.987079	0.000511609	 0.000520638
-2.1	-1.6	40	60	0.988668	0.000311803	 0.000316054
-1.6	-1.2	40	60	0.984733	0.000365347	 0.000368194
-1.2	-0.8	40	60	0.979937	0.000397823	 0.00040011
-0.8	-0.3	40	60	0.977164	0.000369515	 0.000371326
-0.3	-0.2	40	60	0.971991	0.000935551	 0.000952868
-0.2	0.2	40	60	0.973847	0.000434397	 0.000438987
0.2	0.3	40	60	0.97386	0.000911512	 0.000929224
0.3	0.8	40	60	0.976211	0.000373297	 0.000377465
0.8	1.2	40	60	0.978959	0.000406398	 0.00040852
1.2	1.6	40	60	0.984606	0.000364976	 0.000368059
1.6	2.1	40	60	0.988029	0.000322026	 0.000325931
2.1	2.4	40	60	0.98825	0.000476883	 0.000484494
-2.4	-2.1	60	100	0.993497	0.00131636	 0.00143019
-2.1	-1.6	60	100	0.994068	0.000822762	 0.000872925
-1.6	-1.2	60	100	0.990313	0.000966409	 0.0010189
-1.2	-0.8	60	100	0.989113	0.00100009	 0.00105096
-0.8	-0.3	60	100	0.987742	0.000931214	 0.000966866
-0.3	-0.2	60	100	0.983787	0.00247593	 0.0026735
-0.2	0.2	60	100	0.985779	0.00111048	 0.0011558
0.2	0.3	60	100	0.989785	0.00206645	 0.00230446
0.3	0.8	60	100	0.98702	0.000947607	 0.000982738
0.8	1.2	60	100	0.988276	0.00108346	 0.00113734
1.2	1.6	60	100	0.99083	0.000948057	 0.000993542
1.6	2.1	60	100	0.992441	0.000888247	 0.00093832
2.1	2.4	60	100	0.990783	0.0011817	 0.00130189
-2.4	-2.1	100	200	0.986181	0.0045219	 0.00579776
-2.1	-1.6	100	200	0.991281	0.003206	 0.0035792
-1.6	-1.2	100	200	0.988939	0.00272783	 0.0031657
-1.2	-0.8	100	200	0.984965	0.00376053	 0.00421809
-0.8	-0.3	100	200	0.98958	0.00245766	 0.00279957
-0.3	-0.2	100	200	0.998902	0.00109793	 0.00536863
-0.2	0.2	100	200	0.98	0.00414817	 0.004535
0.2	0.3	100	200	0.985182	0.00646955	 0.00841518
0.3	0.8	100	200	0.983155	0.00313911	 0.00347843
0.8	1.2	100	200	0.991156	0.00288974	 0.0033835
1.2	1.6	100	200	0.994168	0.00271014	 0.00316877
1.6	2.1	100	200	0.994114	0.00222502	 0.00271401
2.1	2.4	100	200	0.984521	0.00605817	 0.00818071
