#                                                 data                                                      MC                     
# etamin  etamax  ptmin   ptmax   eff     deff_high       deff_low                     eff          deff_high       deff_low       
  -2.40  -2.10  10.00  13.00         0.8647  0.0159  0.0160       0.9383   0.0078   0.0081  
  -2.10  -1.60  10.00  13.00         0.9522  0.0103  0.0104       0.9750   0.0040   0.0042  
  -1.60  -1.20  10.00  13.00         0.9624  0.0091  0.0095       0.9776   0.0040   0.0042  
  -1.20  -0.80  10.00  13.00         0.8955  0.0126  0.0127       0.9598   0.0052   0.0054  
  -0.80  -0.30  10.00  13.00         0.9508  0.0154  0.0157       0.9799   0.0047   0.0050  
  -0.30  -0.20  10.00  13.00         0.8310  0.0410  0.0416       0.8726   0.0220   0.0236  
  -0.20  0.20  10.00  13.00         0.9335  0.0210  0.0214       0.9656   0.0082   0.0090  
  0.20  0.30  10.00  13.00         0.8649  0.0479  0.0487       0.8835   0.0268   0.0269  
  0.30  0.80  10.00  13.00         0.9450  0.0139  0.0141       0.9706   0.0055   0.0059  
  0.80  1.20  10.00  13.00         0.9226  0.0122  0.0124       0.9649   0.0052   0.0055  
  1.20  1.60  10.00  13.00         0.9609  0.0101  0.0104       0.9782   0.0041   0.0043  
  1.60  2.10  10.00  13.00         0.9396  0.0108  0.0109       0.9621   0.0045   0.0047  
  2.10  2.40  10.00  13.00         0.9223  0.0167  0.0168       0.9382   0.0071   0.0074  
  -2.40  -2.10  13.00  16.00         0.9022  0.0111  0.0111       0.9426   0.0055   0.0057  
  -2.10  -1.60  13.00  16.00         0.9594  0.0061  0.0063       0.9806   0.0027   0.0028  
  -1.60  -1.20  13.00  16.00         0.9640  0.0059  0.0061       0.9829   0.0027   0.0028  
  -1.20  -0.80  13.00  16.00         0.9308  0.0072  0.0074       0.9563   0.0036   0.0038  
  -0.80  -0.30  13.00  16.00         0.9435  0.0076  0.0078       0.9781   0.0029   0.0030  
  -0.30  -0.20  13.00  16.00         0.8208  0.0278  0.0283       0.9051   0.0119   0.0125  
  -0.20  0.20  13.00  16.00         0.9376  0.0112  0.0114       0.9648   0.0049   0.0052  
  0.20  0.30  13.00  16.00         0.8513  0.0233  0.0239       0.8748   0.0137   0.0143  
  0.30  0.80  13.00  16.00         0.9389  0.0076  0.0078       0.9766   0.0030   0.0031  
  0.80  1.20  13.00  16.00         0.9145  0.0075  0.0077       0.9624   0.0036   0.0038  
  1.20  1.60  13.00  16.00         0.9691  0.0063  0.0065       0.9866   0.0026   0.0028  
  1.60  2.10  13.00  16.00         0.9639  0.0063  0.0064       0.9766   0.0030   0.0031  
  2.10  2.40  13.00  16.00         0.8911  0.0112  0.0113       0.9474   0.0058   0.0060  
  -2.40  -2.10  16.00  20.00         0.9122  0.0065  0.0066       0.9434   0.0037   0.0038  
  -2.10  -1.60  16.00  20.00         0.9636  0.0034  0.0034       0.9816   0.0017   0.0018  
  -1.60  -1.20  16.00  20.00         0.9680  0.0033  0.0034       0.9869   0.0016   0.0017  
  -1.20  -0.80  16.00  20.00         0.9305  0.0042  0.0043       0.9682   0.0022   0.0022  
  -0.80  -0.30  16.00  20.00         0.9543  0.0037  0.0038       0.9826   0.0014   0.0015  
  -0.30  -0.20  16.00  20.00         0.8429  0.0130  0.0132       0.8876   0.0073   0.0075  
  -0.20  0.20  16.00  20.00         0.9441  0.0051  0.0052       0.9767   0.0022   0.0023  
  0.20  0.30  16.00  20.00         0.8481  0.0131  0.0136       0.8917   0.0083   0.0085  
  0.30  0.80  16.00  20.00         0.9533  0.0036  0.0037       0.9832   0.0015   0.0016  
  0.80  1.20  16.00  20.00         0.9386  0.0041  0.0042       0.9606   0.0022   0.0022  
  1.20  1.60  16.00  20.00         0.9767  0.0032  0.0033       0.9881   0.0015   0.0016  
  1.60  2.10  16.00  20.00         0.9653  0.0036  0.0036       0.9812   0.0017   0.0018  
  2.10  2.40  16.00  20.00         0.9197  0.0065  0.0066       0.9500   0.0035   0.0035  
  -2.40  -2.10  20.00  25.00         0.9132  0.0041  0.0042       0.9604   0.0021   0.0022  
  -2.10  -1.60  20.00  25.00         0.9681  0.0019  0.0019       0.9871   0.0009   0.0009  
  -1.60  -1.20  20.00  25.00         0.9796  0.0016  0.0017       0.9908   0.0009   0.0009  
  -1.20  -0.80  20.00  25.00         0.9417  0.0024  0.0024       0.9722   0.0014   0.0015  
  -0.80  -0.30  20.00  25.00         0.9610  0.0018  0.0018       0.9863   0.0008   0.0008  
  -0.30  -0.20  20.00  25.00         0.8515  0.0065  0.0066       0.8968   0.0043   0.0043  
  -0.20  0.20  20.00  25.00         0.9409  0.0024  0.0025       0.9757   0.0012   0.0012  
  0.20  0.30  20.00  25.00         0.8470  0.0067  0.0068       0.8868   0.0044   0.0045  
  0.30  0.80  20.00  25.00         0.9642  0.0018  0.0018       0.9852   0.0008   0.0009  
  0.80  1.20  20.00  25.00         0.9347  0.0024  0.0024       0.9725   0.0014   0.0014  
  1.20  1.60  20.00  25.00         0.9799  0.0017  0.0018       0.9903   0.0009   0.0010  
  1.60  2.10  20.00  25.00         0.9679  0.0019  0.0020       0.9864   0.0009   0.0010  
  2.10  2.40  20.00  25.00         0.9258  0.0040  0.0041       0.9630   0.0020   0.0021  
  -2.40  -2.10  25.00  30.00         0.9199  0.0030  0.0031       0.9587   0.0017   0.0018  
  -2.10  -1.60  25.00  30.00         0.9657  0.0015  0.0015       0.9878   0.0007   0.0007  
  -1.60  -1.20  25.00  30.00         0.9808  0.0012  0.0012       0.9935   0.0006   0.0006  
  -1.20  -0.80  25.00  30.00         0.9409  0.0017  0.0018       0.9745   0.0012   0.0015  
  -0.80  -0.30  25.00  30.00         0.9590  0.0013  0.0013       0.9869   0.0006   0.0006  
  -0.30  -0.20  25.00  30.00         0.8523  0.0045  0.0045       0.9067   0.0029   0.0029  
  -0.20  0.20  25.00  30.00         0.9410  0.0015  0.0015       0.9777   0.0011   0.0009  
  0.20  0.30  25.00  30.00         0.8447  0.0045  0.0046       0.8907   0.0030   0.0030  
  0.30  0.80  25.00  30.00         0.9648  0.0012  0.0012       0.9869   0.0006   0.0012  
  0.80  1.20  25.00  30.00         0.9448  0.0017  0.0017       0.9723   0.0010   0.0011  
  1.20  1.60  25.00  30.00         0.9809  0.0012  0.0013       0.9917   0.0007   0.0007  
  1.60  2.10  25.00  30.00         0.9712  0.0014  0.0014       0.9880   0.0007   0.0007  
  2.10  2.40  25.00  30.00         0.9272  0.0031  0.0032       0.9635   0.0016   0.0016  
  -2.40  -2.10  30.00  40.00         0.9155  0.0017  0.0017       0.9611   0.0009   0.0009  
  -2.10  -1.60  30.00  40.00         0.9659  0.0008  0.0008       0.9876   0.0004   0.0004  
  -1.60  -1.20  30.00  40.00         0.9814  0.0006  0.0006       0.9927   0.0003   0.0003  
  -1.20  -0.80  30.00  40.00         0.9375  0.0009  0.0009       0.9738   0.0005   0.0005  
  -0.80  -0.30  30.00  40.00         0.9599  0.0006  0.0006       0.9886   0.0016   0.0016  
  -0.30  -0.20  30.00  40.00         0.8545  0.0023  0.0023       0.9000   0.0016   0.0016  
  -0.20  0.20  30.00  40.00         0.9466  0.0007  0.0007       0.9791   0.0004   0.0004  
  0.20  0.30  30.00  40.00         0.8444  0.0024  0.0024       0.8964   0.0015   0.0015  
  0.30  0.80  30.00  40.00         0.9661  0.0005  0.0006       0.9878   0.0003   0.0003  
  0.80  1.20  30.00  40.00         0.9417  0.0009  0.0009       0.9731   0.0005   0.0005  
  1.20  1.60  30.00  40.00         0.9796  0.0006  0.0006       0.9921   0.0003   0.0003  
  1.60  2.10  30.00  40.00         0.9712  0.0007  0.0007       0.9879   0.0004   0.0004  
  2.10  2.40  30.00  40.00         0.9215  0.0017  0.0017       0.9646   0.0009   0.0009  
  -2.40  -2.10  40.00  60.00         0.9191  0.0014  0.0014       0.9647   0.0007   0.0007  
  -2.10  -1.60  40.00  60.00         0.9654  0.0006  0.0006       0.9867   0.0003   0.0003  
  -1.60  -1.20  40.00  60.00         0.9815  0.0004  0.0004       0.9937   0.0002   0.0002  
  -1.20  -0.80  40.00  60.00         0.9393  0.0007  0.0007       0.9756   0.0004   0.0004  
  -0.80  -0.30  40.00  60.00         0.9619  0.0005  0.0005       0.9898   0.0002   0.0002  
  -0.30  -0.20  40.00  60.00         0.8497  0.0019  0.0019       0.8998   0.0013   0.0013  
  -0.20  0.20  40.00  60.00         0.9468  0.0006  0.0006       0.9797   0.0003   0.0003  
  0.20  0.30  40.00  60.00         0.8472  0.0019  0.0019       0.8933   0.0014   0.0014  
  0.30  0.80  40.00  60.00         0.9667  0.0004  0.0004       0.9886   0.0002   0.0002  
  0.80  1.20  40.00  60.00         0.9441  0.0006  0.0006       0.9755   0.0004   0.0004  
  1.20  1.60  40.00  60.00         0.9798  0.0005  0.0005       0.9928   0.0002   0.0002  
  1.60  2.10  40.00  60.00         0.9697  0.0006  0.0006       0.9867   0.0003   0.0003  
  2.10  2.40  40.00  60.00         0.9214  0.0014  0.0014       0.9662   0.0007   0.0007  
  -2.40  -2.10  60.00  100.00         0.9297  0.0053  0.0053       0.9665   0.0026   0.0026  
  -2.10  -1.60  60.00  100.00         0.9652  0.0020  0.0021       0.9857   0.0010   0.0011  
  -1.60  -1.20  60.00  100.00         0.9863  0.0013  0.0014       0.9942   0.0007   0.0007  
  -1.20  -0.80  60.00  100.00         0.9408  0.0022  0.0022       0.9763   0.0012   0.0013  
  -0.80  -0.30  60.00  100.00         0.9637  0.0016  0.0016       0.9879   0.0007   0.0007  
  -0.30  -0.20  60.00  100.00         0.8345  0.0064  0.0065       0.8988   0.0047   0.0048  
  -0.20  0.20  60.00  100.00         0.9492  0.0020  0.0021       0.9821   0.0010   0.0011  
  0.20  0.30  60.00  100.00         0.8517  0.0061  0.0062       0.8941   0.0050   0.0048  
  0.30  0.80  60.00  100.00         0.9702  0.0014  0.0015       0.9881   0.0007   0.0008  
  0.80  1.20  60.00  100.00         0.9387  0.0022  0.0022       0.9746   0.0012   0.0013  
  1.20  1.60  60.00  100.00         0.9844  0.0015  0.0015       0.9934   0.0007   0.0008  
  1.60  2.10  60.00  100.00         0.9708  0.0020  0.0021       0.9845   0.0011   0.0011  
  2.10  2.40  60.00  100.00         0.9410  0.0051  0.0051       0.9694   0.0024   0.0024  
  -2.40  -2.10  100.00  200.00         0.9689  0.0229  0.0237       0.9499   0.0078   0.0087  
  -2.10  -1.60  100.00  200.00         0.9704  0.0058  0.0062       0.9810   0.0037   0.0040  
  -1.60  -1.20  100.00  200.00         0.9786  0.0044  0.0048       0.9966   0.0016   0.0020  
  -1.20  -0.80  100.00  200.00         0.9301  0.0073  0.0075       0.9643   0.0043   0.0052  
  -0.80  -0.30  100.00  200.00         0.9642  0.0047  0.0049       0.9861   0.0021   0.0024  
  -0.30  -0.20  100.00  200.00         0.8625  0.0174  0.0183       0.8656   0.0133   0.0141  
  -0.20  0.20  100.00  200.00         0.9456  0.0062  0.0065       0.9808   0.0033   0.0036  
  0.20  0.30  100.00  200.00         0.8488  0.0172  0.0179       0.9017   0.0216   0.0141  
  0.30  0.80  100.00  200.00         0.9712  0.0044  0.0046       0.9884   0.0023   0.0025  
  0.80  1.20  100.00  200.00         0.9422  0.0067  0.0070       0.9652   0.0038   0.0041  
  1.20  1.60  100.00  200.00         0.9846  0.0045  0.0048       0.9934   0.0021   0.0025  
  1.60  2.10  100.00  200.00         0.9774  0.0077  0.0081       0.9870   0.0034   0.0038  
  2.10  2.40  100.00  200.00         0.9275  0.0179  0.0185       0.9419   0.0086   0.0095  
