25 30 10 15 0.9868691013541239 0.0022987240727152525 0.0027338114366330935
25 30 15 17 0.9878499735868991 0.0017769749513961708 0.002053802311594577
25 30 17 18 0.9885527391659853 0.0021422055017792374 0.0025796178511987566
25 30 18 19 0.9900391319815013 0.0018649676482883626 0.002246730052600121
25 30 19 20 0.9922958397534669 0.0015266747695016347 0.0018605601086031376
25 30 20 22 0.9896083133493205 0.0011692868800394773 0.0013071737875093303
25 30 22 25 0.9923361283923903 0.0005852913380984814 0.0006313924637355584
25 30 25 30 0.9947349823321555 0.0004298853129272029 0.0004662866905231766
30 40 10 15 0.9885057471264368 0.0013361770804659612 0.0014990715427483092
30 40 15 17 0.9877166914314017 0.0010959596322445142 0.0011969525535048264
30 40 17 18 0.989815104982764 0.0012550834318809656 0.0014181565297826104
30 40 18 19 0.9891139589361996 0.0012169206930749965 0.0013593473386528387
30 40 19 20 0.9887194744018842 0.0011749910307433664 0.0013025464612826942
30 40 20 22 0.9902069183383352 0.0007143929273903948 0.0007679158906844785
30 40 22 25 0.9931919092254563 0.0003334331082806008 0.0003500541471541663
30 40 25 30 0.9944391957441142 0.00018725122069429556 0.00019362764338259897
30 40 30 40 0.994780003397631 0.00016349841056995107 0.0001686728401313342
40 100 10 15 0.9874849215922799 0.0005574142770392587 0.0005824685988031764
40 100 15 17 0.9887429013071676 0.0004325226037675822 0.00044926515461995997
40 100 17 18 0.9895613608091297 0.0005285787116002805 0.0005557350284374207
40 100 18 19 0.9893537225676885 0.0005048922139899714 0.0005291409101343403
40 100 19 20 0.990040672749258 0.0004656361733766934 0.00048769255255487476
40 100 20 22 0.9906581864296847 0.00029935287971516455 0.00030900634137631666
40 100 22 25 0.9938796094701211 0.00014091836847884842 0.00014417998212346017
40 100 25 30 0.9950357120427517 8.397055448094992e-05 8.539573828325597e-05
40 100 30 40 0.9954087986445533 5.525847893994573e-05 5.5924449843147706e-05
40 100 40 100 0.9955949468587187 4.1317912624183606e-05 4.17055432667679e-05
