#   etamin  etamax  ptmin   ptmax   eff     deff_high       deff_low
-2.4    -2.1    10      13      0.944663        0.00728725       0.00794723
-2.1    -1.6    10      13      0.950846        0.0050693        0.00537332
-1.6    -1.2    10      13      0.97943 0.00456667       0.00505054
-1.2    -0.8    10      13      0.96758 0.0056329        0.00588076
-0.8    -0.3    10      13      0.968107        0.00642383       0.00735605
-0.3    -0.2    10      13      0.834913        0.0463992        0.0376082
-0.2    0.2     10      13      0.964268        0.00897198       0.0107648
0.2     0.3     10      13      0.853199        0.0365697        0.0426623
0.3     0.8     10      13      0.963885        0.00657921       0.00706
0.8     1.2     10      13      0.952593        0.00630387       0.00694424
1.2     1.6     10      13      0.98211 0.00344311       0.00396169
1.6     2.1     10      13      0.952806        0.00485983       0.00524374
2.1     2.4     10      13      0.936501        0.00757521       0.00814851
-2.4    -2.1    13      16      0.947099        0.000105884      0.000105884
-2.1    -1.6    13      16      0.96087 0.00416342       0.00443639
-1.6    -1.2    13      16      0.98453 0.00256841       0.00285763
-1.2    -0.8    13      16      0.955717        0.00470132       0.00502698
-0.8    -0.3    13      16      0.961432        0.00450003       0.00486328
-0.3    -0.2    13      16      0.842248        0.0224769        0.0244773
-0.2    0.2     13      16      0.950598        0.0072894        0.00820373
0.2     0.3     13      16      0.876123        0.0204681        0.0228803
0.3     0.8     13      16      0.969001        0.00405757       0.00441251
0.8     1.2     13      16      0.959125        0.00444644       0.00480438
1.2     1.6     13      16      0.973471        0.00383749       0.00415019
1.6     2.1     13      16      0.959154        0.0036686        0.00389241
2.1     2.4     13      16      0.954907        0.00595992       0.00632989
-2.4    -2.1    16      20      0.950346        0.000208996      0.000208996
-2.1    -1.6    16      20      0.951787        0.00300182       0.00305389
-1.6    -1.2    16      20      0.985031        0.00169084       0.00183398
-1.2    -0.8    16      20      0.955638        0.00321041       0.00329327
-0.8    -0.3    16      20      0.967045        0.00253433       0.00257213
-0.3    -0.2    16      20      0.847301        0.013223         0.0139322
-0.2    0.2     16      20      0.946952        0.00421361       0.00434682
0.2     0.3     16      20      0.858289        0.0134794        0.0140557
0.3     0.8     16      20      0.962365        0.00257225       0.0026917
0.8     1.2     16      20      0.956764        0.00299082       0.00312642
1.2     1.6     16      20      0.979176        0.00238976       0.00256847
1.6     2.1     16      20      0.953146        0.00267306       0.00277975
2.1     2.4     16      20      0.943461        0.00442093       0.00457434
-2.4    -2.1    20      25      0.956898        0.00247525       0.00258274
-2.1    -1.6    20      25      0.956521        0.00202913       0.0019212
-1.6    -1.2    20      25      0.983812        0.00115955       0.00120942
-1.2    -0.8    20      25      0.961107        0.00195868       0.00196437
-0.8    -0.3    20      25      0.970272        0.00143018       0.00145707
-0.3    -0.2    20      25      0.83621 0.00749213       0.00763757
-0.2    0.2     20      25      0.956783        0.00190459       0.00194928
0.2     0.3     20      25      0.877211        0.00668831       0.00681126
0.3     0.8     20      25      0.968439        0.00165506       0.00170056
0.8     1.2     20      25      0.95798 0.00214826       0.00310621
1.2     1.6     20      25      0.978985        0.00144289       0.00141872
1.6     2.1     20      25      0.959861        0.00186444       0.00186145
2.1     2.4     20      25      0.952424        0.00253197       0.00264051
-2.4    -2.1    25      30      0.960341        0.00214243       0.00217587
-2.1    -1.6    25      30      0.953427        0.0014923        0.00150866
-1.6    -1.2    25      30      0.985666        0.000959548      0.000993996
-1.2    -0.8    25      30      0.959434        0.0017452        0.00185231
-0.8    -0.3    25      30      0.967641        0.00110575       0.00112061
-0.3    -0.2    25      30      0.853058        0.00490491       0.00493483
-0.2    0.2     25      30      0.955813        0.0013261        0.00134331
0.2     0.3     25      30      0.87848 0.00454904       0.00459023
0.3     0.8     25      30      0.967986        0.00104922       0.00106503
0.8     1.2     25      30      0.954094        0.00148541       0.00152042
1.2     1.6     25      30      0.976531        0.00118766       0.00117875
1.6     2.1     25      30      0.95784 0.0013728        0.00140075
2.1     2.4     25      30      0.950482        0.00230965       0.00297804
-2.4    -2.1    30      40      0.961519        0.00111485       0.00111146
-2.1    -1.6    30      40      0.954871        0.000813407      0.000817355
-1.6    -1.2    30      40      0.985083        0.000481345      0.000478436
-1.2    -0.8    30      40      0.956644        0.000740115      0.00074272
-0.8    -0.3    30      40      0.968606        0.000526401      0.000527203
-0.3    -0.2    30      40      0.843555        0.00254388       0.00255096
-0.2    0.2     30      40      0.954827        0.000678757      0.000681508
0.2     0.3     30      40      0.876836        0.00233805       0.00230243
0.3     0.8     30      40      0.967853        0.000506812      0.000511841
0.8     1.2     30      40      0.95417 0.000783924      0.000781233
1.2     1.6     30      40      0.977013        0.000610011      0.000611292
1.6     2.1     30      40      0.956495        0.000810537      0.00081039
2.1     2.4     30      40      0.955612        0.00123387       0.00123994
-2.4    -2.1    40      60      0.961746        0.00094642       0.000946912
-2.1    -1.6    40      60      0.95471 0.000656864      0.000651631
-1.6    -1.2    40      60      0.98497 0.000393137      0.000399718
-1.2    -0.8    40      60      0.956703        0.00059282       0.000590518
-0.8    -0.3    40      60      0.967687        0.000439412      0.000438873
-0.3    -0.2    40      60      0.840427        0.00202929       0.00204377
-0.2    0.2     40      60      0.95466 0.000572162      0.000570478
0.2     0.3     40      60      0.871861        0.00200543       0.00201134
0.3     0.8     40      60      0.9668  0.000451049      0.000452331
0.8     1.2     40      60      0.95278 0.000572789      0.000576278
1.2     1.6     40      60      0.975559        0.000438602      0.000444483
1.6     2.1     40      60      0.956546        0.000643991      0.000641396
2.1     2.4     40      60      0.955909        0.00105449       0.00106508
-2.4    -2.1    60      100     0.95849 0.0033337        0.0034101
-2.1    -1.6    60      100     0.953716        0.00211563       0.00213766
-1.6    -1.2    60      100     0.983373        0.00130744       0.00137372
-1.2    -0.8    60      100     0.956592        0.00182851       0.00183784
-0.8    -0.3    60      100     0.965749        0.00134596       0.00134596
-0.3    -0.2    60      100     0.844822        0.00664767       0.00676701
-0.2    0.2     60      100     0.950933        0.00192642       0.00192828
0.2     0.3     60      100     0.85417 0.00607227       0.00622568
0.3     0.8     60      100     0.96434 0.00148813       0.00151586
0.8     1.2     60      100     0.954052        0.00182837       0.00185778
1.2     1.6     60      100     0.973654        0.00159415       0.00163987
1.6     2.1     60      100     0.956674        0.00196748       0.00196558
2.1     2.4     60      100     0.955872        0.00352928       0.0035959
-2.4    -2.1    100     200     0.959244        0.0145765        0.0157477
-2.1    -1.6    100     200     0.925621        0.00836411       0.00885199
-1.6    -1.2    100     200     0.952022        0.00535977       0.00579216
-1.2    -0.8    100     200     0.956864        0.00502733       0.00532319
-0.8    -0.3    100     200     0.965086        0.00453678       0.00484572
-0.3    -0.2    100     200     0.863681        0.0169428        0.0182782
-0.2    0.2     100     200     0.944208        0.0059009        0.00621506
0.2     0.3     100     200     0.899853        0.0153199        0.0166018
0.3     0.8     100     200     0.963865        0.00393471       0.00418866
0.8     1.2     100     200     0.954377        0.00583283       0.00625702
1.2     1.6     100     200     0.941622        0.00715982       0.00745557
1.6     2.1     100     200     0.920298        0.00902912       0.00906446
2.1     2.4     100     200     0.937743        0.0140473        0.0148881