#   etamin  etamax  ptmin   ptmax   eff     deff_high       deff_low
-2.4    -2.1    10      13      0.871623        0.0103932        0.0109062
-2.1    -1.6    10      13      0.904134        0.00746002       0.00781827
-1.6    -1.2    10      13      0.917625        0.0070384        0.0074622
-1.2    -0.8    10      13      0.917487        0.00982351       0.0105915
-0.8    -0.3    10      13      0.932624        0.00846445       0.00917404
-0.3    -0.2    10      13      0.722718        0.0510326        0.0560423
-0.2    0.2     10      13      0.925582        0.0120554        0.0135075
0.2     0.3     10      13      0.812947        0.0355086        0.0431241
0.3     0.8     10      13      0.929687        0.00820706       0.00888282
0.8     1.2     10      13      0.925161        0.00778879       0.00834679
1.2     1.6     10      13      0.915054        0.00780679       0.00810885
1.6     2.1     10      13      0.906644        0.00740578       0.00762913
2.1     2.4     10      13      0.897516        0.0109025        0.0107443
-2.4    -2.1    13      16      0.907442        0.00810147       0.00849617
-2.1    -1.6    13      16      0.911608        0.00544667       0.00554204
-1.6    -1.2    13      16      0.932929        0.00494747       0.00520439
-1.2    -0.8    13      16      0.933907        0.00592134       0.00612057
-0.8    -0.3    13      16      0.941001        0.0056375        0.00587733
-0.3    -0.2    13      16      0.769469        0.0276052        0.0287135
-0.2    0.2     13      16      0.914897        0.00846926       0.00912614
0.2     0.3     13      16      0.817307        0.0265737        0.0285056
0.3     0.8     13      16      0.932911        0.00557751       0.00588155
0.8     1.2     13      16      0.929105        0.00575767       0.00627536
1.2     1.6     13      16      0.922901        0.0056669        0.00583784
1.6     2.1     13      16      0.918322        0.00576539       0.00596043
2.1     2.4     13      16      0.894978        0.00880347       0.00871862
-2.4    -2.1    16      20      0.899442        0.00580125       0.0059185
-2.1    -1.6    16      20      0.922954        0.00349413       0.00354698
-1.6    -1.2    16      20      0.934184        0.00337688       0.00350128
-1.2    -0.8    16      20      0.933364        0.0035437        0.00362965
-0.8    -0.3    16      20      0.936761        0.00316696       0.00327503
-0.3    -0.2    16      20      0.793288        0.0152595        0.0157906
-0.2    0.2     16      20      0.924172        0.00445454       0.00462681
0.2     0.3     16      20      0.841518        0.0129746        0.0133005
0.3     0.8     16      20      0.948201        0.00336108       0.00364457
0.8     1.2     16      20      0.927759        0.00381821       0.00389326
1.2     1.6     16      20      0.931386        0.00347049       0.00349074
1.6     2.1     16      20      0.927635        0.00362472       0.00373367
2.1     2.4     16      20      0.911775        0.00561358       0.005611
-2.4    -2.1    20      25      0.909693        0.00333336       0.00340085
-2.1    -1.6    20      25      0.917991        0.00242055       0.00242325
-1.6    -1.2    20      25      0.946737        0.0021715        0.00218993
-1.2    -0.8    20      25      0.93988 0.00220602       0.00223019
-0.8    -0.3    20      25      0.943859        0.00181189       0.0018247
-0.3    -0.2    20      25      0.809773        0.00821936       0.00831333
-0.2    0.2     20      25      0.925761        0.00241874       0.00243614
0.2     0.3     20      25      0.838776        0.0070016        0.00709777
0.3     0.8     20      25      0.945477        0.00191338       0.001875
0.8     1.2     20      25      0.933666        0.00232719       0.0023191
1.2     1.6     20      25      0.939945        0.00241168       0.00245165
1.6     2.1     20      25      0.927611        0.00241168       0.00245165
2.1     2.4     20      25      0.913594        0.00329118       0.00337338
-2.4    -2.1    25      30      0.914845        0.00261573       0.00265741
-2.1    -1.6    25      30      0.918108        0.00222872       0.00199523
-1.6    -1.2    25      30      0.945899        0.00164615       0.00164179
-1.2    -0.8    25      30      0.941507        0.00161025       0.00162212
-0.8    -0.3    25      30      0.943828        0.0013356        0.00133959
-0.3    -0.2    25      30      0.809483        0.00521815       0.00522868
-0.2    0.2     25      30      0.933111        0.00150895       0.00152233
0.2     0.3     25      30      0.845799        0.00478641       0.00484831
0.3     0.8     25      30      0.948401        0.00129493       0.0012772
0.8     1.2     25      30      0.937603        0.00173938       0.00174787
1.2     1.6     25      30      0.940112        0.00169833       0.00170437
1.6     2.1     25      30      0.927701        0.00190948       0.00188476
2.1     2.4     25      30      0.92256 0.00284674       0.0029024
-2.4    -2.1    30      40      0.924031        0.00145655       0.00145312
-2.1    -1.6    30      40      0.920217        0.00103525       0.00102445
-1.6    -1.2    30      40      0.943259        0.000885969      0.000888319
-1.2    -0.8    30      40      0.942334        0.00081206       0.000808902
-0.8    -0.3    30      40      0.940338        0.000659891      0.000661369
-0.3    -0.2    30      40      0.804731        0.00257001       0.00257164
-0.2    0.2     30      40      0.930186        0.000775733      0.000778827
0.2     0.3     30      40      0.837009        0.00236959       0.00234521
0.3     0.8     30      40      0.947117        0.000627821      0.000630947
0.8     1.2     30      40      0.937907        0.000845079      0.000845338
1.2     1.6     30      40      0.938926        0.000924287      0.000920445
1.6     2.1     30      40      0.92555 0.00100735       0.000989956
2.1     2.4     30      40      0.920748        0.00150417       0.00149246
-2.4    -2.1    40      60      0.926025        0.00128383       0.00128897
-2.1    -1.6    40      60      0.91926 0.000808849      0.000812997
-1.6    -1.2    40      60      0.93591 0.000682927      0.000679636
-1.2    -0.8    40      60      0.940376        0.000604988      0.000612543
-0.8    -0.3    40      60      0.943319        0.000533503      0.000532325
-0.3    -0.2    40      60      0.804793        0.0021482        0.00213709
-0.2    0.2     40      60      0.930606        0.000668037      0.000668037
0.2     0.3     40      60      0.837241        0.00204791       0.00203697
0.3     0.8     40      60      0.946393        0.000518677      0.000518924
0.8     1.2     40      60      0.938699        0.000630809      0.000636047
1.2     1.6     40      60      0.936001        0.000691784      0.000693568
1.6     2.1     40      60      0.92574 0.000770679      0.000771355
2.1     2.4     40      60      0.920719        0.0013082        0.00131464
-2.4    -2.1    60      100     0.922754        0.00448623       0.00457606
-2.1    -1.6    60      100     0.917109        0.00255057       0.00256524
-1.6    -1.2    60      100     0.903497        0.00262086       0.00263983
-1.2    -0.8    60      100     0.940555        0.00189571       0.00194074
-0.8    -0.3    60      100     0.940762        0.00174285       0.00173878
-0.3    -0.2    60      100     0.798092        0.00748716       0.00761471
-0.2    0.2     60      100     0.932775        0.00213755       0.00216182
0.2     0.3     60      100     0.831281        0.0062301        0.00631717
0.3     0.8     60      100     0.94347 0.00166141       0.00167384
0.8     1.2     60      100     0.940162        0.00193249       0.00195241
1.2     1.6     60      100     0.91693 0.00258583       0.00255348
1.6     2.1     60      100     0.921334        0.00255265       0.00258773
2.1     2.4     60      100     0.914862        0.0045653        0.00468715
-2.4    -2.1    100     200     0.898339        0.0212223        0.0219197
-2.1    -1.6    100     200     0.88645 0.00987442       0.0102026
-1.6    -1.2    100     200     0.80922 0.0111347        0.0113804
-1.2    -0.8    100     200     0.941352        0.0058039        0.00606793
-0.8    -0.3    100     200     0.931342        0.00692327       0.0094416
-0.3    -0.2    100     200     0.799561        0.0191267        0.0199343
-0.2    0.2     100     200     0.929046        0.00610214       0.00621702
0.2     0.3     100     200     0.805935        0.0203766        0.0212831
0.3     0.8     100     200     0.947717        0.00502537       0.00524216
0.8     1.2     100     200     0.922696        0.00638541       0.00667223
1.2     1.6     100     200     0.839861        0.00999934       0.0102736
1.6     2.1     100     200     0.885784        0.0103718        0.0100766
2.1     2.4     100     200     0.895703        0.0181965        0.0191275