#                                                                        
#   isolation efficiencies for data on the left and MC on the right                                                                       
#      MC: MG+Py8                                                                   
#                                                                        
#                                                        
#                                                 data                                                      MC
# etamin  etamax  ptmin   ptmax   eff     deff_high       deff_low                                                eff     deff_high       deff_low
-2.4    -2.1    10      12      0.921624        0.0176258        0.0192463                                         0.919949        0.0118469        0.012501
-2.1    -1.6    10      12      0.912488        0.0154526        0.0164158                                         0.93805 0.00761369       0.00781973
-1.6    -1.2    10      12      0.899262        0.0182823        0.0196513                                         0.918611        0.0141327        0.00961034
-1.2    -0.8    10      12      0.879671        0.0209596        0.0223493                                         0.893384        0.012984         0.0137612
-0.8    -0.3    10      12      0.883905        0.0328055        0.0347409                                         0.890171        0.0176163        0.0189381
-0.3    0.3     10      12      0.855765        0.0361981        0.0375103                                         0.849681        0.0241443        0.0252658
0.3     0.8     10      12      0.853711        0.0305577        0.0323386                                         0.871519        0.0158404        0.0167487
0.8     1.2     10      12      0.873715        0.0239614        0.0255251                                         0.920313        0.0112389        0.0120277
1.2     1.6     10      12      0.905102        0.0189797        0.0201109                                         0.91928 0.0150841        0.0107874
1.6     2.1     10      12      0.96064         0.0124986        0.0135488                                         0.93017 0.00950952       0.0100708
2.1     2.4     10      12      0.94794         0.0200771        0.0221331                                         0.929733        0.012168         0.0130554
-2.4    -2.1    12      14      0.94693         0.0163493        0.0176436                                         0.959871        0.00783719       0.00858055
-2.1    -1.6    12      14      0.958083        0.0100695        0.0110529                                         0.943196        0.00736927       0.00819401
-1.6    -1.2    12      14      0.956279        0.0117068        0.0128153                                         0.930791        0.00751899       0.00810092
-1.2    -0.8    12      14      0.945594        0.0137578        0.0150475                                         0.924957        0.0088764        0.00941543
-0.8    -0.3    12      14      0.902161        0.0183012        0.01956                                         0.906875        0.0114815        0.0118361
-0.3    0.3     12      14      0.827852        0.0240232        0.0250454                                         0.884646        0.000970064      0.000970064
0.3     0.8     12      14      0.881333        0.0214186        0.0224835                                         0.909777        0.0127115        0.0138903
0.8     1.2     12      14      0.923339        0.0144862        0.0156654                                         0.92444 0.0095234        0.00996475
1.2     1.6     12      14      0.925542        0.0135395        0.0145337                                         0.944814        0.00811603       0.00878878
1.6     2.1     12      14      0.938727        0.0118727        0.0127615                                         0.948927        0.00690327       0.00736868
2.1     2.4     12      14      0.931587        0.0153419        0.0167918                                         0.942869        0.00929753       0.0100235
-2.4    -2.1    14      16      0.971179        0.0102715        0.0114122                                         0.961321        0        0
-2.1    -1.6    14      16      0.960195        0.00828519       0.00895043                                         0.961343        0.00455561       0.00494152
-1.6    -1.2    14      16      0.956179        0.0104387        0.0113717                                         0.949455        0.000205594      0.000205594
-1.2    -0.8    14      16      0.935457        0.0110622        0.0119352                                         0.935419        0.00668017       0.00705681
-0.8    -0.3    14      16      0.927359        0.0128647        0.0138651                                         0.918541        0.00910761       0.00932085
-0.3    0.3     14      16      0.874355        0.0166089        0.0174141                                         0.891266        0.0112803        0.011878
0.3     0.8     14      16      0.895565        0.0140838        0.0147594                                         0.917813        0.00847956       0.00870885
0.8     1.2     14      16      0.953927        0.0106177        0.0115031                                         0.943421        0.00769024       0.00809515
1.2     1.6     14      16      0.943438        0.0101106        0.0108716                                         0.96384 0.00634647       0.00684845
1.6     2.1     14      16      0.958523        0.00858953       0.00926989                                         0.963076        0.00523  0.00557621
2.1     2.4     14      16      0.97099         0.0088676        0.0101504                                         0.964172        0.00568812       0.00627702
-2.4    -2.1    16      18      0.982208        0.00767591       0.00875021                                         0.968801        0.00590263       0.00650083
-2.1    -1.6    16      18      0.961498        0.00671107       0.0072526                                         0.96222 0.00388893       0.00417437
-1.6    -1.2    16      18      0.942774        0.00866041       0.00922493                                         0.967133        0.00432413       0.00448086
-1.2    -0.8    16      18      0.949204        0.00906687       0.00970404                                         0.955673        0.00567464       0.00598414
-0.8    -0.3    16      18      0.911988        0.0105557        0.0112086                                         0.930286        0.00562799       0.00592238
-0.3    0.3     16      18      0.895686        0.0127556        0.0136861                                         0.896453        0.00856951       0.00809811
0.3     0.8     16      18      0.903498        0.0133891        0.0114972                                         0.920103        0.00606965       0.00638384
0.8     1.2     16      18      0.95563         0.00810795       0.00875516                                         0.948756        0.00511544       0.00541549
1.2     1.6     16      18      0.953054        0.00863089       0.00927749                                         0.959122        0.00517106       0.00639321
1.6     2.1     16      18      0.969163        0.00681129       0.00738949                                         0.966291        0.00452328       0.00489856
2.1     2.4     16      18      0.970602        0.00807776       0.00890531                                         0.965093        0.00496927       0.00546562
-2.4    -2.1    18      20      0.987571        0.0049812        0.00582999                                         0.978591        0.00414819       0.00428999
-2.1    -1.6    18      20      0.971853        0.0051425        0.00557048                                         0.971875        0.00313607       0.00329883
-1.6    -1.2    18      20      0.971154        0.00595765       0.00646531                                         0.967172        0.00359462       0.00381717
-1.2    -0.8    18      20      0.972126        0.00609263       0.00663155                                         0.961768        0.00488382       0.00479802
-0.8    -0.3    18      20      0.940094        0.00721868       0.00765124                                         0.954938        0.0048259        0.00509759
-0.3    0.3     18      20      0.911653        0.00932691       0.00974542                                         0.927899        0.00548519       0.00551153
0.3     0.8     18      20      0.945247        0.00731398       0.00775699                                         0.937928        0.00518269       0.00533087
0.8     1.2     18      20      0.947118        0.000161521      0.000161521                                         0.954243        0.00499846       0.00512282
1.2     1.6     18      20      0.96278         0.00624173       0.00671659                                         0.959638        0.00394368       0.00423268
1.6     2.1     18      20      0.969049        0.00522609       0.00563954                                         0.974906        0.000183955      0.000183955
2.1     2.4     18      20      0.96396         0.00626851       0.00703487                                         0.972462        0.00440443       0.00591354
-2.4    -2.1    20      22      0.982681        0.00546808       0.00925909                                         0.976379        0.00364925       0.00390277
-2.1    -1.6    20      22      0.979816        0.00396831       0.00554446                                         0.973495        0.00277802       0.00291905
-1.6    -1.2    20      22      0.974567        0.00455083       0.0049692                                         0.976607        0.00310346       0.00367383
-1.2    -0.8    20      22      0.963494        0.00545472       0.00579948                                         0.964557        0.003557         0.00370384
-0.8    -0.3    20      22      0.956573        0.00532753       0.00560736                                         0.942067        0.00395879       0.00405481
-0.3    0.3     20      22      0.92843         0.00620701       0.00631822                                         0.944935        0.00412754       0.00418016
0.3     0.8     20      22      0.958549        0.00539983       0.00569419                                         0.958099        0.00352442       0.00362281
0.8     1.2     20      22      0.977173        0.00481466       0.00522356                                         0.959819        0.00430332       0.00430064
1.2     1.6     20      22      0.978833        0.00431755       0.00477223                                         0.968937        0.00352002       0.00385404
1.6     2.1     20      22      0.979803        0.00385985       0.00421566                                         0.97304 0.00261764       0.00278822
2.1     2.4     20      22      0.980151        0.00423935       0.00478664                                         0.984278        0        0
-2.4    -2.1    22      24      0.987935        0.00351281       0.00403089                                         0.983294        0.00275272       0.00290265
-2.1    -1.6    22      24      0.973326        0.00322916       0.003498                                         0.973662        0.00247527       0.0025789
-1.6    -1.2    22      24      0.968777        0.00380337       0.00412636                                         0.971108        0.00265436       0.00284709
-1.2    -0.8    22      24      0.971389        0.00464467       0.0049348                                         0.965363        0.00312797       0.00324839
-0.8    -0.3    22      24      0.970362        0.00409251       0.00437492                                         0.962097        0.00268337       0.00277227
-0.3    0.3     22      24      0.958405        0.00435357       0.00455405                                         0.956594        0.00284003       0.00288361
0.3     0.8     22      24      0.958954        0.00380839       0.00398413                                         0.9573  0.00407929       0.00334114
0.8     1.2     22      24      0.960771        0.00421343       0.00450737                                         0.967689        0.00302285       0.00312652
1.2     1.6     22      24      0.972802        0.00423417       0.00456708                                         0.97189 0.0026113        0.00278288
1.6     2.1     22      24      0.987463        0.00292936       0.00320389                                         0.980436        0.00241926       0.00255873
2.1     2.4     22      24      0.981628        0.0047535        0.00553684                                         0.974294        0.0030783        0.00333664
-2.4    -2.1    24      26      0.993095        0.00325795       0.00373397                                         0.985254        0.00227686       0.00249193
-2.1    -1.6    24      26      0.981569        0.00250789       0.0027255                                         0.984032        0.00168358       0.00180608
-1.6    -1.2    24      26      0.980123        0.00323937       0.0035146                                         0.981362        0.00228519       0.00231878
-1.2    -0.8    24      26      0.975511        0.00364506       0.00393451                                         0.968979        0.00252077       0.00265829
-0.8    -0.3    24      26      0.971928        0.00340822       0.00359008                                         0.968604        0.00269993       0.00258676
-0.3    0.3     24      26      0.971277        0.00311803       0.0032866                                         0.966924        0.00192632       0.0019913
0.3     0.8     24      26      0.973639        0.00333356       0.00352084                                         0.974994        0.00247417       0.00271807
0.8     1.2     24      26      0.972926        0.00362705       0.00385787                                         0.970326        0.00266413       0.00266413
1.2     1.6     24      26      0.980022        0.00360841       0.00392916                                         0.973068        0.00243353       0.00257081
1.6     2.1     24      26      0.982367        0.00304024       0.00333621                                         0.983879        0.0020867        0.0021989
2.1     2.4     24      26      0.987492        0.00311573       0.00349605                                         0.984349        0.00217707       0.0023956
-2.4    -2.1    26      30      0.989093        0.00167175       0.00185893                                         0.992196        0.00134077       0.00145746
-2.1    -1.6    26      30      0.987561        0.00165557       0.0017581                                         0.98573 0.00106228       0.00110614
-1.6    -1.2    26      30      0.986315        0.00182711       0.00194                                         0.98184 0.00129316       0.00134248
-1.2    -0.8    26      30      0.977023        0.00210941       0.00210941                                         0.977512        0.00138571       0.0014323
-0.8    -0.3    26      30      0.977947        0.00183062       0.00196921                                         0.97904 0.00108143       0.0011153
-0.3    0.3     26      30      0.980939        0.00151101       0.00157515                                         0.978222        0.000997108      0.000999024
0.3     0.8     26      30      0.977925        0.00163272       0.00164597                                         0.977561        0.00120132       0.00122338
0.8     1.2     26      30      0.983474        0.00189556       0.00201222                                         0.979032        0.00139857       0.00142909
1.2     1.6     26      30      0.982278        0.00270793       0.0018377                                         0.980852        0.00133346       0.00138724
1.6     2.1     26      30      0.990104        0.00146861       0.00157764                                         0.984507        0.00108662       0.00113685
2.1     2.4     26      30      0.989971        0.00204098       0.0022218                                         0.990304        0.00141213       0.00151799
-2.4    -2.1    30      35      0.994694        0.00125199       0.00140264                                         0.991548        0.000852203      0.000912665
-2.1    -1.6    30      35      0.992313        0.00100626       0.00106165                                         0.990692        0.000706306      0.000723674
-1.6    -1.2    30      35      0.991793        0.00109399       0.00116736                                         0.987097        0.000828928      0.00086185
-1.2    -0.8    30      35      0.990023        0.00118519       0.001296                                         0.988725        0.000719206      0.000755111
-0.8    -0.3    30      35      0.989226        0.000947724      0.00098986                                         0.986664        0.000628025      0.000644762
-0.3    0.3     30      35      0.98931         0.000802968      0.000835619                                         0.98872 0.000528122      0.000535625
0.3     0.8     30      35      0.988851        0.000924609      0.000965228                                         0.987691        0.000638102      0.000645607
0.8     1.2     30      35      0.989054        0.00118002       0.00124224                                         0.988036        0.000770866      0.000792099
1.2     1.6     30      35      0.990301        0.0011194        0.00119444                                         0.989671        0.00077374       0.000796188
1.6     2.1     30      35      0.993611        0.000986097      0.00104903                                         0.99003 0.000691424      0.00072419
2.1     2.4     30      35      0.993226        0.00137467       0.00137394                                         0.991574        0.000850073      0.000906842
-2.4    -2.1    35      40      0.997228        0.000575135      0.000664499                                         0.996633        0.00054422       0.000589774
-2.1    -1.6    35      40      0.996926        0.000528822      0.000577483                                         0.995806        0.000381363      0.000402686
-1.6    -1.2    35      40      0.996768        0.000573713      0.000620697                                         0.996007        0.000371054      0.000393105
-1.2    -0.8    35      40      0.993799        0.000577035      0.000613092                                         0.994614        0.000498154      0.000823387
-0.8    -0.3    35      40      0.996001        0.000460537      0.000491367                                         0.995543        0.000350738      0.000373449
-0.3    0.3     35      40      0.995999        0.000438219      0.000463032                                         0.995029        0.000331213      0.000351817
0.3     0.8     35      40      0.996282        0.000451172      0.00048021                                         0.995623        0.000346765      0.000364465
0.8     1.2     35      40      0.996765        0.000532883      0.000570659                                         0.997173        0.000356531      0.000377181
1.2     1.6     35      40      0.996906        0.000565008      0.000613323                                         0.996254        0.00036327       0.000388272
1.6     2.1     35      40      0.996155        0.000619223      0.000665546                                         0.996315        0.000389485      0.000389485
2.1     2.4     35      40      0.997942        0.00068721       0.000798219                                         0.996821        0.000582323      0.000665317
-2.4    -2.1    40      50      0.99845         0.000404117      0.00044933                                         0.99891 0.00018898       0.000211833
-2.1    -1.6    40      50      0.999131        0.000209214      0.000229796                                         0.998838        0.000152981      0.000162718
-1.6    -1.2    40      50      0.997728        0.000247707      0.000266829                                         0.998903        0.000145767      0.000156133
-1.2    -0.8    40      50      0.997812        0.000241411      0.000256405                                         0.998544        0.000164965      0.00017452
-0.8    -0.3    40      50      0.998447        0.000206947      0.000220749                                         0.998234        0.000151701      0.00015815
-0.3    0.3     40      50      0.998111        0.000207601      0.000219766                                         0.998108        0.000130141      0.000135043
0.3     0.8     40      50      0.998391        0.000213115      0.000226513                                         0.998581        0.000144053      0.000151817
0.8     1.2     40      50      0.998257        0.000244135      0.000262456                                         0.998527        0.000171832      0.000180698
1.2     1.6     40      50      0.998952        0.000209532      0.00022967                                         0.998402        0.00015362       0.000164112
1.6     2.1     40      50      0.998653        0.000221885      0.000221885                                         0.998661        0.000145106      0.000151629
2.1     2.4     40      50      0.998285        0.000348143      0.000375909                                         0.99895 0.000223242      0.000250097
-2.4    -2.1    50      60      0.998893        0.000475898      0.000655372                                         0.99902 0.000459941      0.000551304
-2.1    -1.6    50      60      0.998482        0.00056966       0.00056966                                         0.998913        0.000833982      0.000278808
-1.6    -1.2    50      60      0.999396        0.000387472      0.000490761                                         0.99809 0.000331469      0.000375309
-1.2    -0.8    50      60      0.997801        0.000498957      0.000567391                                         0.998044        0.000366475      0.000401169
-0.8    -0.3    50      60      0.998309        0.000433246      0.00047898                                         0.998043        0.000302221      0.000327785
-0.3    0.3     50      60      0.998286        0.000433612      0.000488405                                         0.997765        0.000679701      0.00031194
0.3     0.8     50      60      0.998425        0.000417037      0.000475472                                         0.998662        0.000283674      0.000317318
0.8     1.2     50      60      0.997665        0.00048817       0.000562199                                         0.998648        0.000348192      0.00039409
1.2     1.6     50      60      0.999198        0.000433065      0.000528863                                         0.998694        0.000326129      0.000388851
1.6     2.1     50      60      0.998508        0.000539         0.00062608                                         0.998705        0.000307471      0.00032668
2.1     2.4     50      60      0.998062        0.000656713      0.000846456                                         0.998722        0.000517676      0.000592908
-2.4    -2.1    60      80      0.99874         0.000694618      0.00111265                                         0.99816 0.000700636      0.000936827
-2.1    -1.6    60      80      0.996923        0.000994719      0.00116476                                         0.998207        0.000484508      0.000586078
-1.6    -1.2    60      80      0.998459        0.000855144      0.00109518                                         0.997904        0.000524588      0.000632558
-1.2    -0.8    60      80      0.998287        0.000657783      0.000817206                                         0.997301        0.000575184      0.000669251
-0.8    -0.3    60      80      0.998219        0.000709115      0.000842492                                         0.997331        0.000580415      0.000657106
-0.3    0.3     60      80      0.998096        0.000704151      0.000819601                                         0.996885        0.000516862      0.000566588
0.3     0.8     60      80      0.997795        0.000752165      0.000882055                                         0.997747        0.000541738      0.000606478
0.8     1.2     60      80      0.998049        0.000630858      0.000773584                                         0.998367        0.00042361       0.000512862
1.2     1.6     60      80      0.996941        0.000845333      0.00103022                                         0.999166        0.000420152      0.000530793
1.6     2.1     60      80      0.998286        0.000772058      0.000956727                                         0.996619        0.000683328      0.000779427
2.1     2.4     60      80      0.998657        0.000740361      0.00118391                                         0.997881        0.000741666      0.00096559
-2.4    -2.1    80      120     1               0        0.00218357                                                 1       0        0.00235442
-2.1    -1.6    80      120     1               0        0.00153898                                                 0.997784        0.00100079       0.00135812
-1.6    -1.2    80      120     0.997816        0.00132351       0.0017558                                         0.997624        0.000915444      0.0012353
-1.2    -0.8    80      120     0.995342        0.00201957       0.00252428                                         0.996425        0.00110017       0.00138851
-0.8    -0.3    80      120     0.996696        0.00165872       0.00206526                                         0.995702        0.0012408        0.00148222
-0.3    0.3     80      120     0.996897        0.00124075       0.00156136                                         0.997364        0.00102301       0.00121949
0.3     0.8     80      120     0.994569        0.00147453       0.00180217                                         0.996558        0.000969298      0.00119229
0.8     1.2     80      120     0.998681        0.00130722       0.00195862                                         0.998287        0.00073667       0.00102708
1.2     1.6     80      120     0.997435        0.00168595       0.00237655                                         0.995721        0.00128954       0.00161256
1.6     2.1     80      120     0.996551        0.00160831       0.00217002                                         0.997261        0.0010279        0.00137292
2.1     2.4     80      120     0.997782        0.00154962       0.00301942                                         0.996198        0.00202565       0.00270743
-2.4    -2.1    120     200     1               0        0.0227206                                                  1       0        0.0131702
-2.1    -1.6    120     200     0.990852        0.0076511        0.00807361                                         1       0        0.00169517
-1.6    -1.2    120     200     0.993074        0.00380787       0.00609555                                         1       0        0.00440369
-1.2    -0.8    120     200     0.99411         0.00324483       0.00520025                                         0.989599        0.00397207       0.00532688
-0.8    -0.3    120     200     1               0        0.00581967                                                 0.995058        0.00226697       0.00328824
-0.3    0.3     120     200     0.995351        0.00327368       0.00455508                                         0.993118        0.00282598       0.00371726
0.3     0.8     120     200     0.993153        0.00393022       0.00795462                                         0.99493 0.00261622       0.00373515
0.8     1.2     120     200     1               0        0.00617266                                                 0.992114        0.0040326        0.00560017
1.2     1.6     120     200     0.992892        0.00623125       0.00919793                                         0.997454        0.0017408        0.00331445
1.6     2.1     120     200     1               0        0.00821308                                                 0.992002        0.0037266        0.00548213
2.1     2.4     120     200     1               0        0.0218649                                                  1       0        0.0121732