#                                                                        
#   isolation efficiencies for data on the left and MC on the right                                                                       
#      MC: MG+Py8                                                                   
#                                                                        
#
# 
#    
#                                                 data                                                      MC
# etamin  etamax  ptmin   ptmax   eff     deff_high       deff_low                     eff          deff_high       deff_low
-2.4    -2.1    10      13      0.752929        0.048236         0.0494731                   0.805411        0.015988         0.0166813
-2.1    -1.6    10      13      0.703763        0.0356662        0.0475537                   0.794387        0.0135771        0.0136825
-1.6    -1.2    10      13      0.749114        0.0722119        0.0416954                   0.765526        0.013163         0.0135643
-1.2    -0.8    10      13      0.671697        0.0490001        0.058339                    0.693187        0.0161305        0.0165054
-0.8    -0.3    10      13      0.549369        0.0424823        0.044399                    0.63419 0.020275         0.0207396
-0.3    -0.2    10      13      0.526179        0.112297         0.11384                     0.683456        0.0529683        0.0563462
-0.2    0.2     10      13      0.689448        0.0667605        0.0714002                   0.649847        0.030907         0.0305139
0.2     0.3     10      13      0.523123        0.112713         0.113991                    0.688051        0.0549094        0.0726541
0.3     0.8     10      13      0.577286        0.0450589        0.0458621                   0.674448        0.0201782        0.0202093
0.8     1.2     10      13      0.658912        0.0465202        0.0462673                   0.70542 0.0175222        0.0177604
1.2     1.6     10      13      0.723608        0.0411385        0.0418702                   0.742502        0.0143818        0.0147075
1.6     2.1     10      13      0.799327        0.032629         0.0341671                   0.788789        0.0129223        0.0131869
2.1     2.4     10      13      0.638469        0.0627966        0.0600579                   0.801417        0.0152463        0.0158803
-2.4    -2.1    13      16      0.79758 0.031511         0.0323439                           16      0.873764        0.012796         0.0138855
-2.1    -1.6    13      16      0.790247        0.0311732        0.0258909                   0.837318        0.00960842       0.00982895
-1.6    -1.2    13      16      0.774847        0.0298877        0.031076                    0.807708        0.0119148        0.0118765
-1.2    -0.8    13      16      0.704727        0.0303921        0.0311972                   0.776413        0.012645         0.0129342
-0.8    -0.3    13      16      0.714559        0.036536         0.0377724                   0.732451        0.0128985        0.0124949
-0.3    -0.2    13      16      0.777366        0.064681         0.0756731                   0.72147 0.0283358        0.029754
-0.2    0.2     13      16      0.622381        0.0408547        0.0425257                   0.680162        0.0184767        0.0186994
0.2     0.3     13      16      0.592373        0.0803955        0.0831015                   0.660503        0.0376269        0.0369337
0.3     0.8     13      16      0.71649 0.00200075       0.00200075                          0.723168        0.0132213        0.0132891
0.8     1.2     13      16      0.70566 0.0320468        0.0360863                           0.745942        0.0144432        0.0148346
1.2     1.6     13      16      0.750965        0.0309271        0.0317887                   0.798594        0.0125018        0.0127529
1.6     2.1     13      16      0.808156        0.0240392        0.0240087                   0.826876        0.0108413        0.0103543
2.1     2.4     13      16      0.849607        0.0337154        0.0359457                   0.843843        0.0140768        0.013648
-2.4    -2.1    16      20      0.856219        0.0198576        0.0206558                  0.898638        0.00835823       0.00865574
-2.1    -1.6    16      20      0.873788        0.0144582        0.0151768                   0.869324        0.00591108       0.0060113
-1.6    -1.2    16      20      0.801643        0.0182786        0.018956                    0.860217        0.00763816       0.00759284
-1.2    -0.8    16      20      0.777938        0.0202517        0.0210207                   0.810536        0.00786046       0.00792184
-0.8    -0.3    16      20      0.743324        0.0205146        0.0201827                   0.791148        0.00742914       0.00748138
-0.3    -0.2    16      20      0.728235        0.0456539        0.047939                    0.739937        0.0228942        0.0253047
-0.2    0.2     16      20      0.728241        0.0281538        0.0287199                   0.746679        0.00996942       0.0100089
0.2     0.3     16      20      0.691001        0.0584326        0.0575156                   0.743942        0.0200155        0.0201868
0.3     0.8     16      20      0.804437        0.0185386        0.0190935                   0.793117        0.00775613       0.00781131
0.8     1.2     16      20      0.790753        0.0193104        0.0198606                   0.800301        0.00765537       0.00768403
1.2     1.6     16      20      0.827816        0.0215896        0.0176132                   0.849592        0.00785353       0.00799806
1.6     2.1     16      20      0.842608        0.0173293        0.0181596                   0.875265        0.0066305        0.00678101
2.1     2.4     16      20      0.898422        0.0190402        0.0211028                   0.882809        0.00757614       0.00781878
-2.4    -2.1    20      25      0.908934        0.0127834        0.0137699                   0.917808        0.00483392       0.00486278
-2.1    -1.6    20      25      0.903754        0.0090206        0.00942214                  0.907641        0.00404549       0.00408083
-1.6    -1.2    20      25      0.879428        0.0119217        0.010485                    0.885615        0.00465779       0.00471124
-1.2    -0.8    20      25      0.848714        0.0114403        0.0117955                   0.859027        0.00498393       0.00501794
-0.8    -0.3    20      25      0.827762        0.010535         0.010753                    0.860374        0.00421806       0.00427698
-0.3    -0.2    20      25      0.839803        0.0219052        0.0229628                   0.847608        0.00989467       0.0101179
-0.2    0.2     20      25      0.820079        0.0129854        0.0136929                   0.832776        0.00464112       0.00466908
0.2     0.3     20      25      0.769917        0.0237082        0.0243069                   0.843493        0.00942315       0.00943143
0.3     0.8     20      25      0.83692 0.0101783        0.0104401                           0.842039        0.00427503       0.00428385
0.8     1.2     20      25      0.838868        0.0111749        0.0113761                   0.871236        0.00491111       0.00498532
1.2     1.6     20      25      0.874464        0.0109012        0.0123945                   0.88894 0.0049574        0.00503651
1.6     2.1     20      25      0.890493        0.00939312       0.0100547                   0.910062        0.00380093       0.00388314
2.1     2.4     20      25      0.898986        0.0130322        0.0144286                   0.917945        0.00483379       0.00493396
-2.4    -2.1    25      30      0.937882        0.00887012       0.00938669                  0.946234        0.00360066       0.00380395
-2.1    -1.6    25      30      0.937279        0.0062058        0.00650397                  0.934836        0.00271682       0.00273559
-1.6    -1.2    25      30      0.919945        0.00715832       0.00773845                  0.919962        0.00327168       0.00331561
-1.2    -0.8    25      30      0.879564        0.00837075       0.00865756                  0.904709        0.00329638       0.00332855
-0.8    -0.3    25      30      0.879993        0.00683146       0.00699707                  0.89383 0.00275234       0.00277068
-0.3    -0.2    25      30      0.876072        0.0151655        0.0201108                   0.891129        0.00583246       0.00580559
-0.2    0.2     25      30      0.864587        0.00715478       0.00721651                  0.89563 0.00271907       0.00275637
0.2     0.3     25      30      0.877014        0.0154266        0.0160913                   0.894196        0.00613582       0.00627941
0.3     0.8     25      30      0.888909        0.00674548       0.00695327                  0.896467        0.00268333       0.00268523
0.8     1.2     25      30      0.904143        0.00770419       0.00806914                  0.901017        0.00347568       0.00348292
1.2     1.6     25      30      0.902593        0.00725469       0.00739616                  0.921182        0.00324584       0.00328381
1.6     2.1     25      30      0.931068        0.00670137       0.00688845                  0.934639        0.00299568       0.00315505
2.1     2.4     25      30      0.91429 0.00959067       0.0100812                           0.944856        0.00356975       0.00356737
-2.4    -2.1    30      40      0.966618        0.00375908       0.00393205                  0.967479        0.00158918       0.00161711
-2.1    -1.6    30      40      0.959703        0.00273771       0.00281737                  0.965692        0.00111775       0.00113028
-1.6    -1.2    30      40      0.955872        0.0029758        0.00311074                  0.955852        0.00135042       0.00136225
-1.2    -0.8    30      40      0.944811        0.00295428       0.00302217                  0.945936        0.00128464       0.0012914
-0.8    -0.3    30      40      0.935984        0.00260234       0.00264585                  0.943072        0.00106325       0.00107121
-0.3    -0.2    30      40      0.921861        0.00608477       0.00621426                  0.936639        0.00254684       0.00258503
-0.2    0.2     30      40      0.925888        0.00287913       0.00292224                  0.940477        0.0011557        0.00116607
0.2     0.3     30      40      0.928554        0.00591236       0.0061027                   0.94761 0.00241829       0.00246316
0.3     0.8     30      40      0.934373        0.00256603       0.00259181                  0.942687        0.00106239       0.001068
0.8     1.2     30      40      0.938248        0.00313484       0.00321222                  0.947319        0.00124701       0.00127656
1.2     1.6     30      40      0.946142        0.00314137       0.00322644                  0.958857        0.00130168       0.00132308
1.6     2.1     30      40      0.961708        0.00270775       0.00280518                  0.963991        0.00116195       0.00117596
2.1     2.4     30      40      0.957995        0.00330918       0.00349318                  0.971233        0.0014752        0.00149933
-2.4    -2.1    40      60      0.984758        0.00218287       0.00230644                  0.988843        0.000743225      0.000766311
-2.1    -1.6    40      60      0.984674        0.00127976       0.00132572                  0.988145        0.000493306      0.000502953
-1.6    -1.2    40      60      0.981063        0.00139009       0.00139009                  0.984462        0.000558651      0.000566293
-1.2    -0.8    40      60      0.975684        0.0014913        0.00154162                  0.981537        0.000595254      0.000606754
-0.8    -0.3    40      60      0.971713        0.00140369       0.00143553                  0.977944        0.000558689      0.000564978
-0.3    -0.2    40      60      0.960696        0.00370721       0.00390357                  0.975152        0.00135543       0.00139486
-0.2    0.2     40      60      0.962638        0.00174489       0.00178185                  0.975108        0.000662578      0.000671683
0.2     0.3     40      60      0.968876        0.00334175       0.00354745                  0.974581        0.00136869       0.00140493
0.3     0.8     40      60      0.970051        0.00141148       0.00144698                  0.977537        0.000567003      0.000573601
0.8     1.2     40      60      0.976622        0.0014366        0.00148324                  0.979716        0.000619936      0.000629218
1.2     1.6     40      60      0.981828        0.00136224       0.00141514                  0.984702        0.000562055      0.000566732
1.6     2.1     40      60      0.983808        0.00127958       0.00132407                  0.988358        0.000499048      0.000509413
2.1     2.4     40      60      0.983063        0.004338         0.00207311                  0.989213        0.000708399      0.000726933
-2.4    -2.1    60      100     0.985092        0.00710947       0.00831211                  0.992134        0.00196364       0.00347979
-2.1    -1.6    60      100     0.994908        0.00284226       0.00347143                  0.993128        0.00126747       0.001385
-1.6    -1.2    60      100     0.992885        0.00280879       0.00345482                  0.989653        0.00151024       0.00163193
-1.2    -0.8    60      100     0.983766        0.00349431       0.00395875                  0.989583        0.00141673       0.00152269
-0.8    -0.3    60      100     0.988275        0.00280043       0.00316273                  0.991017        0.00122203       0.00131259
-0.3    -0.2    60      100     0.978597        0.0103051        0.0124892                   0.988538        0.00312469       0.00358312
-0.2    0.2     60      100     0.990579        0.00358644       0.00411208                  0.986376        0.00157767       0.00167845
0.2     0.3     60      100     0.986327        0.00673292       0.00911268                  0.981893        0.00400555       0.00441708
0.3     0.8     60      100     0.986137        0.00297251       0.00331839                  0.987959        0.00140891       0.00148767
0.8     1.2     60      100     0.983747        0.00356054       0.00406149                  0.99112 0.00147199       0.0015835
1.2     1.6     60      100     0.989416        0.00266817       0.00318807                  0.993137        0.00135882       0.00148265
1.6     2.1     60      100     0.990892        0.00353591       0.00339418                  0.992208        0.0013786        0.00151577
2.1     2.4     60      100     0.993959        0.00485499       0.00598297                  0.992942        0.0019814        0.00219768
-2.4    -2.1    100     200     1       0.0463187        0.0463187                           1       0.00848623       0.00848623
-2.1    -1.6    100     200     1       0.0143809        0.0143809                           0.991602        0.00335543       0.00446139
-1.6    -1.2    100     200     1       0.011392         0.011392                            0.983968        0.00443717       0.00542508
-1.2    -0.8    100     200     0.993148        0.00477793       0.00922922                  0.987452        0.00373572       0.00461901
-0.8    -0.3    100     200     1       0.00863639       0.00863639                          0.985298        0.00438177       0.0050787
-0.3    -0.2    100     200     1       0.0163809        0.0163809                           1       0.00670353       0.00670353
-0.2    0.2     100     200     0.987964        0.00662517       0.0105702                   0.977584        0.00494421       0.00578263
0.2     0.3     100     200     1       0.0394112        0.0394112                           0.98548 0.0072149        0.0107888
0.3     0.8     100     200     0.999837        0.000163354      0.010495                    0.987126        0.00365003       0.0042928
0.8     1.2     100     200     0.986778        0.00728075       0.0117611                   0.993049        0.00261338       0.00348275
1.2     1.6     100     200     1       0.0107581        0.0107581                           0.994988        0.00255278       0.00361993
1.6     2.1     100     200     0.991121        0.00619254       0.0137782                   0.993141        0.00286212       0.00397798
2.1     2.4     100     200     1       0.0135952        0.0135952                           1               0.00875308       0.00875308