### var1 :  probe_sc_eta 
### var2 :  probe_Ele_pt 
  -2.500          -2.000         +10.000         +20.000        0.246   0.002   0.305   0.005   0.248   0.244   0.304   0.306
  -2.000          -1.566         +10.000         +20.000        0.290   0.002   0.350   0.005   0.288   0.288   0.350   0.352
  -1.566          -1.444         +10.000         +20.000        0.220   0.005   0.213   0.008   0.218   0.216   0.234   0.212
  -1.444          -0.800         +10.000         +20.000        0.390   0.003   0.387   0.004   0.388   0.390   0.374   0.387
  -0.800          +0.000         +10.000         +20.000        0.365   0.003   0.388   0.004   0.359   0.358   0.382   0.389
  +0.000          +0.800         +10.000         +20.000        0.367   0.003   0.388   0.004   0.365   0.359   0.397   0.386
  +0.800          +1.444         +10.000         +20.000        0.387   0.003   0.391   0.004   0.384   0.386   0.386   0.391
  +1.444          +1.566         +10.000         +20.000        0.213   0.005   0.206   0.008   0.212   0.240   0.218   0.207
  +1.566          +2.000         +10.000         +20.000        0.283   0.002   0.342   0.005   0.282   0.290   0.343   0.343
  +2.000          +2.500         +10.000         +20.000        0.267   0.002   0.335   0.005   0.265   0.266   0.334   0.336
  -2.500          -2.000         +20.000         +35.000        0.488   0.001   0.553   0.002   0.485   0.489   0.554   0.555
  -2.000          -1.566         +20.000         +35.000        0.550   0.001   0.593   0.002   0.544   0.556   0.590   0.595
  -1.566          -1.444         +20.000         +35.000        0.398   0.002   0.395   0.003   0.395   0.445   0.397   0.398
  -1.444          -0.800         +20.000         +35.000        0.591   0.001   0.608   0.001   0.586   0.593   0.608   0.609
  -0.800          +0.000         +20.000         +35.000        0.588   0.001   0.617   0.001   0.581   0.583   0.615   0.615
  +0.000          +0.800         +20.000         +35.000        0.600   0.001   0.611   0.001   0.593   0.594   0.616   0.610
  +0.800          +1.444         +20.000         +35.000        0.590   0.001   0.605   0.001   0.583   0.598   0.607   0.606
  +1.444          +1.566         +20.000         +35.000        0.388   0.002   0.398   0.003   0.384   0.427   0.404   0.401
  +1.566          +2.000         +20.000         +35.000        0.539   0.001   0.593   0.002   0.539   0.552   0.594   0.595
  +2.000          +2.500         +20.000         +35.000        0.499   0.001   0.578   0.002   0.493   0.499   0.579   0.581
  -2.500          -2.000         +35.000         +50.000        0.634   0.001   0.690   0.001   0.632   0.628   0.689   0.691
  -2.000          -1.566         +35.000         +50.000        0.703   0.001   0.727   0.001   0.701   0.698   0.727   0.728
  -1.566          -1.444         +35.000         +50.000        0.586   0.001   0.593   0.002   0.586   0.580   0.590   0.595
  -1.444          -0.800         +35.000         +50.000        0.731   0.001   0.750   0.001   0.729   0.726   0.750   0.751
  -0.800          +0.000         +35.000         +50.000        0.717   0.001   0.752   0.001   0.716   0.714   0.753   0.752
  +0.000          +0.800         +35.000         +50.000        0.728   0.001   0.743   0.001   0.727   0.725   0.743   0.744
  +0.800          +1.444         +35.000         +50.000        0.730   0.001   0.749   0.001   0.728   0.726   0.749   0.749
  +1.444          +1.566         +35.000         +50.000        0.575   0.001   0.595   0.002   0.573   0.568   0.584   0.595
  +1.566          +2.000         +35.000         +50.000        0.704   0.001   0.735   0.001   0.702   0.700   0.735   0.737
  +2.000          +2.500         +35.000         +50.000        0.640   0.001   0.705   0.001   0.637   0.635   0.707   0.706
  -2.500          -2.000         +50.000         +90.000        0.710   0.002   0.755   0.003   0.708   0.712   0.741   0.756
  -2.000          -1.566         +50.000         +90.000        0.773   0.001   0.788   0.002   0.772   0.771   0.791   0.787
  -1.566          -1.444         +50.000         +90.000        0.648   0.003   0.651   0.005   0.645   0.630   0.645   0.650
  -1.444          -0.800         +50.000         +90.000        0.789   0.001   0.812   0.001   0.788   0.778   0.809   0.812
  -0.800          +0.000         +50.000         +90.000        0.772   0.001   0.810   0.001   0.772   0.759   0.809   0.811
  +0.000          +0.800         +50.000         +90.000        0.783   0.001   0.801   0.001   0.782   0.769   0.801   0.801
  +0.800          +1.444         +50.000         +90.000        0.790   0.001   0.807   0.001   0.790   0.771   0.808   0.808
  +1.444          +1.566         +50.000         +90.000        0.634   0.003   0.647   0.005   0.632   0.624   0.658   0.649
  +1.566          +2.000         +50.000         +90.000        0.770   0.001   0.795   0.002   0.770   0.769   0.799   0.796
  +2.000          +2.500         +50.000         +90.000        0.722   0.002   0.770   0.003   0.719   0.720   0.778   0.770
  -2.500          -2.000         +90.000        +150.000        0.823   0.007   0.783   0.013   0.807   0.813   0.756   0.781
  -2.000          -1.566         +90.000        +150.000        0.849   0.005   0.844   0.009   0.843   0.849   0.814   0.845
  -1.566          -1.444         +90.000        +150.000        0.753   0.013   0.682   0.023   0.738   0.755   0.682   0.674
  -1.444          -0.800         +90.000        +150.000        0.847   0.003   0.856   0.005   0.844   0.848   0.853   0.855
  -0.800          +0.000         +90.000        +150.000        0.836   0.002   0.857   0.004   0.831   0.834   0.854   0.858
  +0.000          +0.800         +90.000        +150.000        0.851   0.002   0.841   0.005   0.842   0.846   0.833   0.842
  +0.800          +1.444         +90.000        +150.000        0.848   0.003   0.839   0.006   0.845   0.851   0.845   0.843
  +1.444          +1.566         +90.000        +150.000        0.703   0.012   0.698   0.023   0.703   0.711   0.736   0.694
  +1.566          +2.000         +90.000        +150.000        0.842   0.005   0.852   0.009   0.838   0.847   0.854   0.853
  +2.000          +2.500         +90.000        +150.000        0.813   0.007   0.796   0.013   0.811   0.818   0.823   0.794
  -2.500          -2.000        +150.000        +500.000        0.823   0.007   0.783   0.013   0.807   0.813   0.756   0.781
  -2.000          -1.566        +150.000        +500.000        0.849   0.005   0.844   0.009   0.843   0.849   0.814   0.845
  -1.566          -1.444        +150.000        +500.000        0.753   0.013   0.682   0.023   0.738   0.755   0.682   0.674
  -1.444          -0.800        +150.000        +500.000        0.847   0.003   0.856   0.005   0.844   0.848   0.853   0.855
  -0.800          +0.000        +150.000        +500.000        0.836   0.002   0.857   0.004   0.831   0.834   0.854   0.858
  +0.000          +0.800        +150.000        +500.000        0.851   0.002   0.841   0.005   0.842   0.846   0.833   0.842
  +0.800          +1.444        +150.000        +500.000        0.848   0.003   0.839   0.006   0.845   0.851   0.845   0.843
  +1.444          +1.566        +150.000        +500.000        0.703   0.012   0.698   0.023   0.703   0.711   0.736   0.694
  +1.566          +2.000        +150.000        +500.000        0.842   0.005   0.852   0.009   0.838   0.847   0.854   0.853
  +2.000          +2.500        +150.000        +500.000        0.813   0.007   0.796   0.013   0.811   0.818   0.823   0.794
