#etamin	etamax	ptmin	ptmax	eff	deff_high	deff_low
-2.4	-2.1	10	13	0.773376	0.00614004	 0.006197
-2.1	-1.6	10	13	0.779309	0.00439825	 0.00442321
-1.6	-1.2	10	13	0.735817	0.00518936	 0.00522281
-1.2	-0.8	10	13	0.680696	0.00598618	 0.00604218
-0.8	-0.3	10	13	0.63866	0.00661691	 0.0066253
-0.3	-0.2	10	13	0.605309	0.0180233	 0.0180248
-0.2	0.2	10	13	0.572692	0.00913719	 0.00917831
0.2	0.3	10	13	0.608211	0.0191093	 0.0191856
0.3	0.8	10	13	0.641988	0.00671514	 0.00673619
0.8	1.2	10	13	0.681266	0.00580699	 0.00582505
1.2	1.6	10	13	0.730265	0.00542881	 0.00555712
1.6	2.1	10	13	0.76455	0.00451369	 0.00455248
2.1	2.4	10	13	0.764614	0.00645576	 0.0066571
-2.4	-2.1	13	16	0.82303	0.00448007	 0.00474324
-2.1	-1.6	13	16	0.823458	0.00329823	 0.00329344
-1.6	-1.2	13	16	0.775498	0.00399996	 0.00406853
-1.2	-0.8	13	16	0.747924	0.00421725	 0.00424167
-0.8	-0.3	13	16	0.703783	0.00427337	 0.00428626
-0.3	-0.2	13	16	0.670168	0.0116877	 0.0118304
-0.2	0.2	13	16	0.657324	0.00577039	 0.00579711
0.2	0.3	13	16	0.641626	0.0135454	 0.0148732
0.3	0.8	13	16	0.702011	0.00431507	 0.00435035
0.8	1.2	13	16	0.729499	0.00426036	 0.00428562
1.2	1.6	13	16	0.77881	0.00392063	 0.00394968
1.6	2.1	13	16	0.813137	0.003359	 0.00338749
2.1	2.4	13	16	0.806612	0.00462458	 0.00468604
-2.4	-2.1	16	20	0.865411	0.00283054	 0.00285223
-2.1	-1.6	16	20	0.86032	0.00206788	 0.00208102
-1.6	-1.2	16	20	0.830795	0.00245001	 0.00245879
-1.2	-0.8	16	20	0.79087	0.00267872	 0.00267079
-0.8	-0.3	16	20	0.76087	0.00249699	 0.00250884
-0.3	-0.2	16	20	0.731406	0.00646713	 0.00654984
-0.2	0.2	16	20	0.722996	0.00321286	 0.00323176
0.2	0.3	16	20	0.726288	0.00698679	 0.00736313
0.3	0.8	16	20	0.76617	0.00248523	 0.00249751
0.8	1.2	16	20	0.793062	0.00267144	 0.00266488
1.2	1.6	16	20	0.821322	0.00249162	 0.00250018
1.6	2.1	16	20	0.85235	0.00212162	 0.00212804
2.1	2.4	16	20	0.862069	0.00287884	 0.00289406
-2.4	-2.1	20	25	0.906136	0.0017041	 0.00172279
-2.1	-1.6	20	25	0.903059	0.00122695	 0.00123603
-1.6	-1.2	20	25	0.877582	0.00147292	 0.00148906
-1.2	-0.8	20	25	0.848385	0.00158049	 0.00158436
-0.8	-0.3	20	25	0.823495	0.00144901	 0.00144673
-0.3	-0.2	20	25	0.8057	0.00373884	 0.00372595
-0.2	0.2	20	25	0.800946	0.00167464	 0.0016725
0.2	0.3	20	25	0.805689	0.00352477	 0.00354334
0.3	0.8	20	25	0.822804	0.00144661	 0.00145683
0.8	1.2	20	25	0.846705	0.00160151	 0.00160681
1.2	1.6	20	25	0.875356	0.00148116	 0.00147981
1.6	2.1	20	25	0.898852	0.00125996	 0.00126421
2.1	2.4	20	25	0.897997	0.00176175	 0.00177965
-2.4	-2.1	25	30	0.937654	0.00118803	 0.00118595
-2.1	-1.6	25	30	0.935816	0.000830149	 0.000830636
-1.6	-1.2	25	30	0.916263	0.000991688	 0.000990561
-1.2	-0.8	25	30	0.895102	0.00106253	 0.00107267
-0.8	-0.3	25	30	0.876356	0.000926145	 0.000924032
-0.3	-0.2	25	30	0.866032	0.00209656	 0.00210027
-0.2	0.2	25	30	0.867318	0.000945858	 0.000932043
0.2	0.3	25	30	0.868884	0.00203621	 0.00205071
0.3	0.8	25	30	0.877423	0.000935683	 0.000930729
0.8	1.2	25	30	0.892762	0.00107678	 0.0010762
1.2	1.6	25	30	0.916522	0.00100116	 0.0010049
1.6	2.1	25	30	0.933457	0.000834751	 0.000837416
2.1	2.4	25	30	0.932818	0.00117422	 0.00118316
-2.4	-2.1	30	40	0.967573	0.000463351	 0.000460463
-2.1	-1.6	30	40	0.965223	0.000337194	 0.000331609
-1.6	-1.2	30	40	0.954327	0.000387204	 0.00038978
-1.2	-0.8	30	40	0.942898	0.000388845	 0.000390802
-0.8	-0.3	30	40	0.933439	0.000334617	 0.000331191
-0.3	-0.2	30	40	0.925441	0.000795929	 0.000795313
-0.2	0.2	30	40	0.922333	0.00038143	 0.000381317
0.2	0.3	30	40	0.92554	0.000798208	 0.000801992
0.3	0.8	30	40	0.933785	0.000330599	 0.000331411
0.8	1.2	30	40	0.942546	0.000392124	 0.000388365
1.2	1.6	30	40	0.952318	0.000394468	 0.000397415
1.6	2.1	30	40	0.964446	0.000334912	 0.000337541
2.1	2.4	30	40	0.964623	0.000475905	 0.000480335
-2.4	-2.1	40	60	0.986906	0.000241682	 0.000244164
-2.1	-1.6	40	60	0.987542	0.000148432	 0.000149438
-1.6	-1.2	40	60	0.983083	0.000167238	 0.000168526
-1.2	-0.8	40	60	0.977283	0.00018371	 0.0001845
-0.8	-0.3	40	60	0.970712	0.000178402	 0.000178555
-0.3	-0.2	40	60	0.965784	0.000449358	 0.00045376
-0.2	0.2	40	60	0.964573	0.000216604	 0.000216988
0.2	0.3	40	60	0.966137	0.000448721	 0.000451318
0.3	0.8	40	60	0.971344	0.000177435	 0.000177149
0.8	1.2	40	60	0.977232	0.000185307	 0.000186061
1.2	1.6	40	60	0.982174	0.000172377	 0.000172905
1.6	2.1	40	60	0.986861	0.000151756	 0.000152541
2.1	2.4	40	60	0.985977	0.000248748	 0.000251313
-2.4	-2.1	60	100	0.99319	0.000633883	 0.000657849
-2.1	-1.6	60	100	0.993077	0.000386787	 0.000396586
-1.6	-1.2	60	100	0.989848	0.000444745	 0.000454469
-1.2	-0.8	60	100	0.989163	0.000445612	 0.00045401
-0.8	-0.3	60	100	0.985478	0.000427902	 0.000434528
-0.3	-0.2	60	100	0.984858	0.00104785	 0.00107786
-0.2	0.2	60	100	0.984652	0.000489917	 0.000496852
0.2	0.3	60	100	0.986097	0.000994017	 0.0010323
0.3	0.8	60	100	0.986511	0.000412928	 0.000420883
0.8	1.2	60	100	0.988322	0.000453187	 0.000461676
1.2	1.6	60	100	0.991735	0.000418318	 0.000427738
1.6	2.1	60	100	0.99239	0.000397685	 0.000407495
2.1	2.4	60	100	0.994113	0.000613168	 0.000633053
-2.4	-2.1	100	200	0.994729	0.00199104	 0.00221459
-2.1	-1.6	100	200	0.991887	0.00129998	 0.0014072
-1.6	-1.2	100	200	0.991481	0.00135241	 0.00145876
-1.2	-0.8	100	200	0.991147	0.0012267	 0.00130566
-0.8	-0.3	100	200	0.991677	0.00101846	 0.00107315
-0.3	-0.2	100	200	0.99163	0.00128339	 0.00134495
-0.2	0.2	100	200	0.987999	0.00128339	 0.00134495
0.2	0.3	100	200	0.98897	0.00293555	 0.00308377
0.3	0.8	100	200	0.992726	0.00102435	 0.00108734
0.8	1.2	100	200	0.991793	0.00113904	 0.00121734
1.2	1.6	100	200	0.990338	0.00130038	 0.00138576
1.6	2.1	100	200	0.994154	0.00119556	 0.00129219
2.1	2.4	100	200	0.989538	0.00187509	 0.00213136
