  -2.50  -2.10  0.00  27.00  0.003  0.000 
   -2.50  -2.10  27.00  28.00  0.031  0.000 
   -2.50  -2.10  28.00  29.00  0.082  0.001 
   -2.50  -2.10  29.00  30.00  0.115  0.001 
   -2.50  -2.10  30.00  32.00  0.149  0.000 
   -2.50  -2.10  32.00  35.00  0.159  0.000 
   -2.50  -2.10  35.00  40.00  0.173  0.000 
   -2.50  -2.10  40.00  45.00  0.181  0.000 
   -2.50  -2.10  45.00  50.00  0.434  0.000 
   -2.50  -2.10  50.00  100.00  0.832  0.000 
   -2.10  -1.60  0.00  27.00  0.021  0.000 
   -2.10  -1.60  27.00  28.00  0.336  0.001 
   -2.10  -1.60  28.00  29.00  0.626  0.001 
   -2.10  -1.60  29.00  30.00  0.703  0.001 
   -2.10  -1.60  30.00  32.00  0.764  0.000 
   -2.10  -1.60  32.00  35.00  0.801  0.000 
   -2.10  -1.60  35.00  40.00  0.830  0.000 
   -2.10  -1.60  40.00  45.00  0.849  0.000 
   -2.10  -1.60  45.00  50.00  0.863  0.000 
   -2.10  -1.60  50.00  100.00  0.868  0.000 
   -1.60  -1.40  0.00  27.00  0.086  0.000 
   -1.60  -1.40  27.00  28.00  0.405  0.006 
   -1.60  -1.40  28.00  29.00  0.633  0.006 
   -1.60  -1.40  29.00  30.00  0.723  0.005 
   -1.60  -1.40  30.00  32.00  0.727  0.002 
   -1.60  -1.40  32.00  35.00  0.781  0.001 
   -1.60  -1.40  35.00  40.00  0.818  0.000 
   -1.60  -1.40  40.00  45.00  0.838  0.000 
   -1.60  -1.40  45.00  50.00  0.854  0.001 
   -1.60  -1.40  50.00  100.00  0.856  0.001 
   -1.40  -0.80  0.00  27.00  0.018  0.000 
   -1.40  -0.80  27.00  28.00  0.420  0.000 
   -1.40  -0.80  28.00  29.00  0.674  0.000 
   -1.40  -0.80  29.00  30.00  0.750  0.000 
   -1.40  -0.80  30.00  32.00  0.798  0.000 
   -1.40  -0.80  32.00  35.00  0.822  0.000 
   -1.40  -0.80  35.00  40.00  0.852  0.000 
   -1.40  -0.80  40.00  45.00  0.877  0.000 
   -1.40  -0.80  45.00  50.00  0.885  0.000 
   -1.40  -0.80  50.00  100.00  0.894  0.000 
   -0.80  0.00  0.00  27.00  0.018  0.000 
   -0.80  0.00  27.00  28.00  0.468  0.000 
   -0.80  0.00  28.00  29.00  0.657  0.000 
   -0.80  0.00  29.00  30.00  0.666  0.000 
   -0.80  0.00  30.00  32.00  0.733  0.000 
   -0.80  0.00  32.00  35.00  0.791  0.000 
   -0.80  0.00  35.00  40.00  0.827  0.000 
   -0.80  0.00  40.00  45.00  0.866  0.000 
   -0.80  0.00  45.00  50.00  0.881  0.000 
   -0.80  0.00  50.00  100.00  0.893  0.000 
   0.00  0.80  0.00  27.00  0.021  0.000 
   0.00  0.80  27.00  28.00  0.500  0.000 
   0.00  0.80  28.00  29.00  0.666  0.000 
   0.00  0.80  29.00  30.00  0.703  0.000 
   0.00  0.80  30.00  32.00  0.742  0.000 
   0.00  0.80  32.00  35.00  0.791  0.000 
   0.00  0.80  35.00  40.00  0.822  0.000 
   0.00  0.80  40.00  45.00  0.857  0.000 
   0.00  0.80  45.00  50.00  0.872  0.000 
   0.00  0.80  50.00  100.00  0.883  0.000 
   0.80  1.40  0.00  27.00  0.016  0.000 
   0.80  1.40  27.00  28.00  0.400  0.000 
   0.80  1.40  28.00  29.00  0.663  0.000 
   0.80  1.40  29.00  30.00  0.747  0.000 
   0.80  1.40  30.00  32.00  0.792  0.000 
   0.80  1.40  32.00  35.00  0.828  0.000 
   0.80  1.40  35.00  40.00  0.852  0.000 
   0.80  1.40  40.00  45.00  0.878  0.000 
   0.80  1.40  45.00  50.00  0.888  0.000 
   0.80  1.40  50.00  100.00  0.896  0.000 
   1.40  1.60  0.00  27.00  0.063  0.000 
   1.40  1.60  27.00  28.00  0.364  0.005 
   1.40  1.60  28.00  29.00  0.611  0.006 
   1.40  1.60  29.00  30.00  0.679  0.005 
   1.40  1.60  30.00  32.00  0.700  0.002 
   1.40  1.60  32.00  35.00  0.792  0.001 
   1.40  1.60  35.00  40.00  0.811  0.000 
   1.40  1.60  40.00  45.00  0.852  0.000 
   1.40  1.60  45.00  50.00  0.867  0.001 
   1.40  1.60  50.00  100.00  0.864  0.001 
   1.60  2.10  0.00  27.00  0.009  0.000 
   1.60  2.10  27.00  28.00  0.232  0.001 
   1.60  2.10  28.00  29.00  0.551  0.001 
   1.60  2.10  29.00  30.00  0.716  0.001 
   1.60  2.10  30.00  32.00  0.766  0.000 
   1.60  2.10  32.00  35.00  0.796  0.000 
   1.60  2.10  35.00  40.00  0.832  0.000 
   1.60  2.10  40.00  45.00  0.853  0.000 
   1.60  2.10  45.00  50.00  0.863  0.000 
   1.60  2.10  50.00  100.00  0.870  0.000 
   2.10  2.50  0.00  27.00  0.001  0.000 
   2.10  2.50  27.00  28.00  0.027  0.000 
   2.10  2.50  28.00  29.00  0.083  0.001 
   2.10  2.50  29.00  30.00  0.143  0.001 
   2.10  2.50  30.00  32.00  0.132  0.000 
   2.10  2.50  32.00  35.00  0.132  0.000 
   2.10  2.50  35.00  40.00  0.162  0.000 
   2.10  2.50  40.00  45.00  0.181  0.000 
   2.10  2.50  45.00  50.00  0.438  0.000 
   2.10  2.50  50.00  100.00  0.830  0.000 