35  1.00768
45  1.0073
55  1.00646
65  1.00529
75  1.00369
85  1.00175
95  0.99961
105  0.997234
115  0.994571
125  0.991705
135  0.988523
145  0.985279
175  0.976968
225  0.9602
275  0.944546
325  0.929622
375  0.916203
425  0.903763
475  0.892183
525  0.881941
575  0.87172
625  0.862752
675  0.853769
725  0.845607
775  0.83844
825  0.831075
875  0.824818
925  0.818121
975  0.811042
1050  0.803218
1150  0.792359
1250  0.782474
1350  0.772789
1500  0.762131
1700  0.745515
1900  0.730967
2100  0.71734
2300  0.70474
2500  0.69305
2700  0.681379
2900  0.665341
4750  0.660221
