35  1.00385
45  1.0053
55  0.994707
65  0.989285
75  0.985058
85  0.981305
95  0.977865
105  0.974459
115  0.971095
125  0.967732
135  0.964244
145  0.960895
175  0.952539
225  0.936552
275  0.921976
325  0.908781
375  0.896898
425  0.885984
475  0.876016
525  0.867151
575  0.858318
625  0.850763
675  0.843106
725  0.836273
775  0.830388
825  0.824262
875  0.819437
925  0.813864
975  0.807782
1050  0.801745
1150  0.793141
1250  0.78527
1350  0.777518
1500  0.769283
1700  0.755898
1900  0.744314
2100  0.733453
2300  0.72332
2500  0.714006
2700  0.70457
2900  0.691076
4750  0.68903
