500  0.952652 
540  0.94743 
580  0.943128 
620  0.93914 
660  0.931542 
700  0.930875 
740  0.925418 
780  0.918741 
820  0.917602 
860  0.913411 
900  0.910177 
940  0.903119 
980  0.905225 
1020  0.900528 
1060  0.896213 
1100  0.892251 
1140  0.889548 
1180  0.888432 
1220  0.882599 
1260  0.882392 
1300  0.878197 
1340  0.877705 
1380  0.872957 
1420  0.87451 
1460  0.86995 
1500  0.871577 
1540  0.867948 
1580  0.863226 
1620  0.861107 
1660  0.859202 
1700  0.856707 
1740  0.853936 
1780  0.857018 
1820  0.851865 
1860  0.848522 
1900  0.852675 
1940  0.845794 
1980  0.851477 
2020  0.847075 
2060  0.843711 
2100  0.842216 
2140  0.840506 
2180  0.842553 
2220  0.841734 
2260  0.835032 
2300  0.827207 
2340  0.836333 
2380  0.833108 
2420  0.83485 
2460  0.832361 
2500  0.831786 
2540  0.833846 
2580  0.824846 
2620  0.827765 
2660  0.828072 
2700  0.832174 
2740  0.829764 
2780  0.820146 
2820  0.820271 
2860  0.811234 
2900  0.823998 
2940  0.821457 
2980  0.816365 
3020  0.827389 
3060  0.833425 
3100  0.81702 
3140  0.822164 
3180  0.805156 
3220  0.82274 
3260  0.817312 
3300  0.816599 
3340  0.815362 
3380  0.80774 
3420  0.81976 
3460  0.807081 
3500  0.819513 
3540  0.807278 
3580  0.812603 
3620  0.806888 
3660  0.804192 
3700  0.822256 
3740  0.811525 
3780  0.810617 
3820  0.803982 
3860  0.826282 
3900  0.818277 
3940  0.821886 
3980  0.803699 
