#   etamin  etamax  ptmin   ptmax   eff     deff_high       deff_low
-2.4    -2.1    10      13      0.923716        0.0087608        0.00948747
-2.1    -1.6    10      13      0.944139        0.00566659       0.00603682
-1.6    -1.2    10      13      0.978779        0.00498324       0.00601701
-1.2    -0.8    10      13      0.964549        0.00574935       0.00640151
-0.8    -0.3    10      13      0.970933        0.00686862       0.00767587
-0.3    -0.2    10      13      0.772741        0.0425232        0.0466236
-0.2    0.2     10      13      0.955109        0.0109989        0.0113573
0.2     0.3     10      13      0.84957 0.0375081        0.0420968
0.3     0.8     10      13      0.962883        0.00755819       0.00786922
0.8     1.2     10      13      0.947343        0.00708026       0.00773488
1.2     1.6     10      13      0.973578        0.00464333       0.00530883
1.6     2.1     10      13      0.958057        0.00545625       0.00583647
2.1     2.4     10      13      0.95838 0.00688775       0.00758875
-2.4    -2.1    13      16      0.938761        0.00737343       0.00789121
-2.1    -1.6    13      16      0.950815        0.00509605       0.00503584
-1.6    -1.2    13      16      0.978201        0.00323084       0.00351466
-1.2    -0.8    13      16      0.964241        0.00450379       0.00480091
-0.8    -0.3    13      16      0.96938 0.00482952       0.0053394
-0.3    -0.2    13      16      0.843915        0.0231533        0.0255772
-0.2    0.2     13      16      0.957285        0.00679674       0.00720043
0.2     0.3     13      16      0.873601        0.0242323        0.0260152
0.3     0.8     13      16      0.967025        0.00447705       0.0047794
0.8     1.2     13      16      0.959779        0.00495216       0.00525816
1.2     1.6     13      16      0.971964        9.16449e-05      9.16449e-05
1.6     2.1     13      16      0.967194        0.00419989       0.00444793
2.1     2.4     13      16      0.949918        0.0067714        0.00692689
-2.4    -2.1    16      20      0.948343        0.00418466       0.00436471
-2.1    -1.6    16      20      0.951566        0.00318958       0.00331048
-1.6    -1.2    16      20      0.983126        0.00182253       0.00195962
-1.2    -0.8    16      20      0.961066        0.00331329       0.00339114
-0.8    -0.3    16      20      0.965633        0.00261699       0.00274143
-0.3    -0.2    16      20      0.829444        0.014232         0.0147692
-0.2    0.2     16      20      0.950953        0.0044961        0.00462389
0.2     0.3     16      20      0.854553        0.0135681        0.0139063
0.3     0.8     16      20      0.964476        0.00338256       0.00277585
0.8     1.2     16      20      0.960736        0.00301258       0.00316164
1.2     1.6     16      20      0.972279        0.0023581        0.00248771
1.6     2.1     16      20      0.954437        0.00317186       0.00331881
2.1     2.4     16      20      0.9445  0.0047234        0.00488484
-2.4    -2.1    20      25      0.95428 0.00297862       0.00299569
-2.1    -1.6    20      25      0.949194        0.00193926       0.00199188
-1.6    -1.2    20      25      0.980693        0.00128577       0.00135478
-1.2    -0.8    20      25      0.961717        0.00200866       0.00197477
-0.8    -0.3    20      25      0.969787        0.00162717       0.00165449
-0.3    -0.2    20      25      0.839804        0.00764898       0.00778207
-0.2    0.2     20      25      0.95532 0.00219403       0.0022029
0.2     0.3     20      25      0.867105        0.00730436       0.00748078
0.3     0.8     20      25      0.967923        0.00155523       0.00158046
0.8     1.2     20      25      0.960673        0.00197933       0.00200338
1.2     1.6     20      25      0.976245        0.00151536       0.00155851
1.6     2.1     20      25      0.957551        0.00222614       0.00208472
2.1     2.4     20      25      0.950201        0.00312272       0.00318028
-2.4    -2.1    25      30      0.956046        0.00234123       0.00240949
-2.1    -1.6    25      30      0.951785        0.00169849       0.00172885
-1.6    -1.2    25      30      0.984975        0.00101123       0.00155433
-1.2    -0.8    25      30      0.96163 0.00152136       0.0015319
-0.8    -0.3    25      30      0.968936        0.00120592       0.00120965
-0.3    -0.2    25      30      0.840294        0.00500671       0.00507711
-0.2    0.2     25      30      0.955931        0.00139088       0.00137705
0.2     0.3     25      30      0.864346        0.00479657       0.00487557
0.3     0.8     25      30      0.965827        0.00116358       0.00116381
0.8     1.2     25      30      0.957821        0.00159042       0.00162655
1.2     1.6     25      30      0.975805        0.00128924       0.00132437
1.6     2.1     25      30      0.957476        0.0015298        0.00154193
2.1     2.4     25      30      0.953104        0.00226186       0.0022931
-2.4    -2.1    30      40      0.960536        0.00124322       0.00126103
-2.1    -1.6    30      40      0.953887        0.000925007      0.00091322
-1.6    -1.2    30      40      0.983964        0.000529353      0.00053132
-1.2    -0.8    30      40      0.959118        0.000752156      0.000754598
-0.8    -0.3    30      40      0.967008        0.000564258      0.000556056
-0.3    -0.2    30      40      0.835559        0.00258145       0.00260969
-0.2    0.2     30      40      0.954052        0.000702798      0.000706196
0.2     0.3     30      40      0.867809        0.00240113       0.00240695
0.3     0.8     30      40      0.967223        0.000552661      0.000551886
0.8     1.2     30      40      0.956814        0.000771345      0.000770097
1.2     1.6     30      40      0.976096        0.000650894      0.000644212
1.6     2.1     30      40      0.956071        0.000833646      0.00082642
2.1     2.4     30      40      0.959118        0.00125568       0.00126946
-2.4    -2.1    40      60      0.95904 0.00104539       0.00105129
-2.1    -1.6    40      60      0.951707        0.00163808       0.00163808
-1.6    -1.2    40      60      0.983487        0.000405383      0.000408608
-1.2    -0.8    40      60      0.959262        0.000583536      0.000584286
-0.8    -0.3    40      60      0.966279        0.000455505      0.000458428
-0.3    -0.2    40      60      0.840034        0.00228021       0.00228972
-0.2    0.2     40      60      0.953235        0.000598774      0.000600141
0.2     0.3     40      60      0.86857 0.00201881       0.00202898
0.3     0.8     40      60      0.964313        0.00046192       0.000461803
0.8     1.2     40      60      0.956239        0.000588361      0.000587474
1.2     1.6     40      60      0.975766        0.000491712      0.000493346
1.6     2.1     40      60      0.955866        0.000644411      0.000646749
2.1     2.4     40      60      0.957804        0.00105555       0.00105878
-2.4    -2.1    60      100     0.961843        0.00344077       0.00359418
-2.1    -1.6    60      100     0.948479        0.00218549       0.00221109
-1.6    -1.2    60      100     0.980644        0.0014374        0.00151771
-1.2    -0.8    60      100     0.956933        0.00178742       0.0018402
-0.8    -0.3    60      100     0.963599        0.00153825       0.00143863
-0.3    -0.2    60      100     0.822999        0.00719344       0.00730151
-0.2    0.2     60      100     0.950389        0.00201187       0.00203894
0.2     0.3     60      100     0.868605        0.00664941       0.0068025
0.3     0.8     60      100     0.962595        0.00146881       0.00149869
0.8     1.2     60      100     0.956385        0.00178702       0.00184103
1.2     1.6     60      100     0.974272        0.00145254       0.00151974
1.6     2.1     60      100     0.957563        0.00217528       0.00224004
2.1     2.4     60      100     0.95185 0.00383147       0.00394704
-2.4    -2.1    100     200     0.944161        0.0149575        0.0160359
-2.1    -1.6    100     200     0.922603        0.00869085       0.00875417
-1.6    -1.2    100     200     0.951137        0.00683804       0.00732932
-1.2    -0.8    100     200     0.954472        0.00551564       0.00585901
-0.8    -0.3    100     200     0.954662        0.00509436       0.00538967
-0.3    -0.2    100     200     0.863991        0.0197277        0.0191948
-0.2    0.2     100     200     0.944738        0.00546067       0.00582365
0.2     0.3     100     200     0.837805        0.0173641        0.0185024
0.3     0.8     100     200     0.959576        0.00460902       0.00487079
0.8     1.2     100     200     0.945413        0.00631791       0.00671785
1.2     1.6     100     200     0.941664        0.00602482       0.0064633
1.6     2.1     100     200     0.923145        0.00858487       0.00904501
2.1     2.4     100     200     0.922996        0.0171771        0.0178723