25  30  10  20  0.928571 0.0688303
25  30  20  22  0.976190 0.0235244
25  30  22  25  0.987654 0.0122692
25  30  25  30  0.991525 0.00843859
30  40  10  15  0.955556 0.0307207
30  40  15  17  0.968750 0.0217491
30  40  17  22  0.935484 0.0441237
30  40  22  25  0.991803 0.00577215
30  40  25  30  0.998498 0.00150037
30  40  30  40  0.995902 0.00204498
40 100  10  15  0.985417 0.00547164
40 100  15  17  0.988618 0.00427748
40 100  17  18  0.979592 0.00763445
40 100  18  19  0.995370 0.00326606
40 100  19  20  0.979545 0.00674809
40 100  20  22  0.988866 0.00333817
40 100  22  25  0.989219 0.0019911
40 100  25  30  0.992882 0.00108162
40 100  30  40  0.993782 0.000711066
40 100  40 100  0.995325 0.000423978
