10  25  10  25  0.928571 0.0688303
25  30  10  22  0.976190 0.0235244
25  30  22  25  0.987013 0.0129024
25  30  25  30  0.991667 0.00829854
30  40  10  15  0.893617 0.0449741
30  40  15  17  0.968254 0.0220886
30  40  17  18  0.937500 0.0427908
30  40  18  22  0.970588 0.028976
30  40  22  25  0.995868 0.00412368
30  40  25  30  0.996820 0.00224477
30  40  30  40  0.995781 0.00210525
40 100  10  15  0.986871 0.00532463
40 100  15  17  0.989583 0.00423038
40 100  17  18  0.991045 0.0051471
40 100  18  19  0.992683 0.00420903
40 100  19  20  0.975430 0.00767368
40 100  20  22  0.988962 0.00347106
40 100  22  25  0.990701 0.00188925
40 100  25  30  0.993306 0.00106832
40 100  30  40  0.993470 0.000736951
40 100  40 100  0.994498 0.000460442
