1000 0.0 -1 1.60768946266
1000 0.01 -1 1.03850840436
1000 0.02 -1 1.04019355645
1000 0.03 -1 1.03985118903
1000 0.04 -1 1.03863086271
1000 0.05 -1 1.03731634339
1000 0.06 -1 1.03611579409
1000 0.07 -1 1.03503466787
1000 0.08 -1 1.03403009839
1000 0.09 -1 1.03306424203
1000 0.1 -1 1.0321091166
1000 0.12 -1 1.0301820016
1000 0.14 -1 1.02819983085
1000 0.15 -1 1.02718825392
1000 0.16 -1 1.02616474788
1000 0.18 -1 1.02408997831
1000 0.2 -1 1.02199197667
1000 0.25 -1 1.0167248882
1000 0.3 -1 1.01152420259
1000 10.0 -1 1.03850840436
1000 100.0 -1 1.0321091166
1500 0.0 -1 2.64388026114
1500 0.01 -1 1.46112076019
1500 0.02 -1 1.46049005501
1500 0.03 -1 1.452411388
1500 0.04 -1 1.44212322109
1500 0.05 -1 1.43115174799
1500 0.06 -1 1.42009805005
1500 0.07 -1 1.40919124938
1500 0.08 -1 1.39850858374
1500 0.09 -1 1.38806195743
1500 0.1 -1 1.37784623863
1500 0.12 -1 1.35804485768
1500 0.14 -1 1.33899404352
1500 0.15 -1 1.32972361391
1500 0.16 -1 1.32061082378
1500 0.18 -1 1.30283564726
1500 0.2 -1 1.28562708453
1500 0.25 -1 1.24488793229
1500 0.3 -1 1.20711171026
1500 10.0 -1 1.45640791223
1500 100.0 -1 1.412804538
2000 0.0 -1 3.99285799645
2000 0.01 -1 2.45979274506
2000 0.02 -1 2.40299689568
2000 0.03 -1 2.35441145581
2000 0.04 -1 2.30952908499
2000 0.05 -1 2.26767207592
2000 0.06 -1 2.22836937371
2000 0.07 -1 2.19120691856
2000 0.08 -1 2.15584672374
2000 0.09 -1 2.12202143823
2000 0.1 -1 2.08952911252
2000 0.12 -1 2.02797128943
2000 0.14 -1 1.97031156537
2000 0.15 -1 1.94276435321
2000 0.16 -1 1.9159982391
2000 0.18 -1 1.86464489045
2000 0.2 -1 1.8159601563
2000 0.25 -1 1.70446969548
2000 0.3 -1 1.60548363091
2000 10.0 -1 2.50762061292
2000 100.0 -1 2.26767207592
2500 0.0 -1 1.34027338754
2500 0.01 -1 2.88476992791
2500 0.02 -1 2.83254788866
2500 0.03 -1 2.78342379903
2500 0.04 -1 2.73469113276
2500 0.05 -1 2.6866384645
2500 0.06 -1 2.63961794041
2500 0.07 -1 2.59381267848
2500 0.08 -1 2.54929856627
2500 0.09 -1 2.50608855755
2500 0.1 -1 2.46417234353
2500 0.12 -1 2.38410325107
2500 0.14 -1 2.30876384313
2500 0.15 -1 2.27275372107
2500 0.16 -1 2.23779308286
2500 0.18 -1 2.17082889887
2500 0.2 -1 2.10754237053
2500 0.25 -1 1.96348826038
2500 0.3 -1 1.83666661946
2500 10.0 -1 2.81416120834
2500 100.0 -1 2.73469113276
300 0.0 -1 2.07083673333
300 0.01 -1 0.947218770733
300 0.02 -1 0.978731262311
300 0.03 -1 1.00842106429
300 0.04 -1 1.03745416536
300 0.05 -1 1.06616871594
300 0.06 -1 1.09466364418
300 0.07 -1 1.123002374
300 0.08 -1 1.15121766864
300 0.09 -1 1.17932210889
300 0.1 -1 1.20733307812
300 0.12 -1 1.2630728276
300 0.14 -1 1.31844218249
300 0.15 -1 1.34598497955
300 0.16 -1 1.37342887897
300 0.18 -1 1.42802138022
300 0.2 -1 1.4822006046
300 0.25 -1 1.61574921279
300 0.3 -1 1.74648073823
300 10.0 -1 1.01815102349
300 100.0 -1 1.83203611956
3000 0.0 -1 6.77339549812
3000 0.01 -1 3.32366381014
3000 0.02 -1 3.22199307487
3000 0.03 -1 3.14346253778
3000 0.04 -1 3.07369654882
3000 0.05 -1 3.00903635588
3000 0.06 -1 2.94796983208
3000 0.07 -1 2.88976319402
3000 0.08 -1 2.83400655724
3000 0.09 -1 2.78045341497
3000 0.1 -1 2.7289224611
3000 0.12 -1 2.63140791135
3000 0.14 -1 2.54058275505
3000 0.15 -1 2.49745643246
3000 0.16 -1 2.4557476847
3000 0.18 -1 2.37630163359
3000 0.2 -1 2.30172013432
3000 0.25 -1 2.13368488518
3000 0.3 -1 1.9875914273
3000 10.0 -1 3.60434509691
3000 100.0 -1 3.11949167845
350 0.0 -1 1.79426810274
350 0.01 -1 0.916819058057
350 0.02 -1 0.942824337377
350 0.03 -1 0.968645845272
350 0.04 -1 0.993727959504
350 0.05 -1 1.01816510819
350 0.06 -1 1.04206426514
350 0.07 -1 1.0655015335
350 0.08 -1 1.08852730765
350 0.09 -1 1.11117901938
350 0.1 -1 1.13348435017
350 0.12 -1 1.1771662822
350 0.14 -1 1.2197377178
350 0.15 -1 1.24065006378
350 0.16 -1 1.26133505813
350 0.18 -1 1.30206472705
350 0.2 -1 1.34201255878
350 0.25 -1 1.43890304455
350 0.3 -1 1.5321119693
350 10.0 -1 0.965007474177
350 100.0 -1 1.50582276156
400 0.0 -1 1.65242789484
400 0.01 -1 0.930897148558
400 0.02 -1 0.944692562023
400 0.03 -1 0.957077546371
400 0.04 -1 0.969018988454
400 0.05 -1 0.980782958151
400 0.06 -1 0.992450924864
400 0.07 -1 1.00405381202
400 0.08 -1 1.01560845881
400 0.09 -1 1.02711526988
400 0.1 -1 1.03857816816
400 0.12 -1 1.06137885019
400 0.14 -1 1.08401285786
400 0.15 -1 1.09526652926
400 0.16 -1 1.10647730213
400 0.18 -1 1.12876775223
400 0.2 -1 1.15087859208
400 0.25 -1 1.20533741804
400 0.3 -1 1.25859547542
400 10.0 -1 0.95097224123
400 100.0 -1 1.20533741804
450 0.0 -1 1.52001078566
450 0.01 -1 0.946299685848
450 0.02 -1 0.951232338279
450 0.03 -1 0.957755416549
450 0.04 -1 0.964535083518
450 0.05 -1 0.971388881047
450 0.06 -1 0.978283837321
450 0.07 -1 0.985205874038
450 0.08 -1 0.992146105176
450 0.09 -1 0.999103020175
450 0.1 -1 1.00607214666
450 0.12 -1 1.02005109518
450 0.14 -1 1.03408697985
450 0.15 -1 1.04112593746
450 0.16 -1 1.04817663857
450 0.18 -1 1.06231588264
450 0.2 -1 1.07649071321
450 0.25 -1 1.11200360101
450 0.3 -1 1.1474545135
450 10.0 -1 0.952628459825
450 100.0 -1 1.09226857371
500 0.0 -1 1.41588505296
500 0.01 -1 0.952256194119
500 0.02 -1 0.958727312967
500 0.03 -1 0.962985909339
500 0.04 -1 0.96686259731
500 0.05 -1 0.970786445165
500 0.06 -1 0.974845609181
500 0.07 -1 0.979034293431
500 0.08 -1 0.983329993604
500 0.09 -1 0.987706618658
500 0.1 -1 0.992147998796
500 0.12 -1 1.00118498905
500 0.14 -1 1.01037801426
500 0.15 -1 1.01502266581
500 0.16 -1 1.01969383665
500 0.18 -1 1.02910889941
500 0.2 -1 1.03860310743
500 0.25 -1 1.06259325908
500 0.3 -1 1.08681154376
500 10.0 -1 0.958727312967
500 100.0 -1 1.03860310743
550 0.0 -1 2.36384303881
550 0.01 -1 0.955381867029
550 0.02 -1 0.956684403727
550 0.03 -1 0.959014200758
550 0.04 -1 0.961777402938
550 0.05 -1 0.964843077261
550 0.06 -1 0.968128537685
550 0.07 -1 0.971574995221
550 0.08 -1 0.975148508688
550 0.09 -1 0.978820034275
550 0.1 -1 0.98257029304
550 0.12 -1 0.990251640057
550 0.14 -1 0.99810909747
550 0.15 -1 1.00208594933
550 0.16 -1 1.00608814322
550 0.18 -1 1.01415777874
550 0.2 -1 1.02229581024
550 0.25 -1 1.0428468583
550 0.3 -1 1.06357139763
550 10.0 -1 0.956318441804
550 100.0 -1 1.01489483173
600 0.0 -1 2.29650818923
600 0.01 -1 0.964963349946
600 0.02 -1 0.960714795427
600 0.03 -1 0.96154378583
600 0.04 -1 0.963563459194
600 0.05 -1 0.96602515806
600 0.06 -1 0.968663280782
600 0.07 -1 0.971378456269
600 0.08 -1 0.974121422301
600 0.09 -1 0.976877329963
600 0.1 -1 0.979636450501
600 0.12 -1 0.985163448457
600 0.14 -1 0.9907116673
600 0.15 -1 0.993497067763
600 0.16 -1 0.99629055405
600 0.18 -1 1.00191005457
600 0.2 -1 1.00756927684
600 0.25 -1 1.02190012865
600 0.3 -1 1.03646889895
600 10.0 -1 0.961091081661
600 100.0 -1 0.998159437668
650 0.0 -1 2.09946293807
650 0.01 -1 0.968908295879
650 0.02 -1 0.968409983531
650 0.03 -1 0.969346034367
650 0.04 -1 0.970536664831
650 0.05 -1 0.971877464889
650 0.06 -1 0.97334254215
650 0.07 -1 0.974907164401
650 0.08 -1 0.976549766063
650 0.09 -1 0.978256439909
650 0.1 -1 0.980015494375
650 0.12 -1 0.983660270009
650 0.14 -1 0.987443336052
650 0.15 -1 0.989379861099
650 0.16 -1 0.991344187656
650 0.18 -1 0.995350024321
650 0.2 -1 0.999451124273
650 0.25 -1 1.01006375058
650 0.3 -1 1.02109558273
650 10.0 -1 0.968224516762
650 100.0 -1 0.990132598915
700 0.0 -1 2.05449922634
700 0.01 -1 0.978240173663
700 0.02 -1 0.970597290815
700 0.03 -1 0.968945606858
700 0.04 -1 0.968885360088
700 0.05 -1 0.969515062689
700 0.06 -1 0.970535481145
700 0.07 -1 0.971802677856
700 0.08 -1 0.973234695307
700 0.09 -1 0.974778367132
700 0.1 -1 0.976400184298
700 0.12 -1 0.979792705291
700 0.14 -1 0.983295701275
700 0.15 -1 0.985071589885
700 0.16 -1 0.986857289225
700 0.18 -1 0.99044847429
700 0.2 -1 0.994056520352
700 0.25 -1 1.00312200183
700 0.3 -1 1.0122386019
700 10.0 -1 0.973481065404
700 100.0 -1 0.983802113178
750 0.0 -1 1.71340779799
750 0.01 -1 0.968872410695
750 0.02 -1 0.976207521118
750 0.03 -1 0.978673441598
750 0.04 -1 0.979805207906
750 0.05 -1 0.980474197269
750 0.06 -1 0.981014670845
750 0.07 -1 0.98156027245
750 0.08 -1 0.982158675306
750 0.09 -1 0.982823602286
750 0.1 -1 0.983551401999
750 0.12 -1 0.985168523186
750 0.14 -1 0.986952789713
750 0.15 -1 0.987894263618
750 0.16 -1 0.988862557112
750 0.18 -1 0.990868974164
750 0.2 -1 0.992955987056
750 0.25 -1 0.998455654565
750 0.3 -1 1.004277182
750 10.0 -1 0.972495444456
750 100.0 -1 0.986342291202
800 0.0 -1 1.77515732944
800 0.01 -1 0.97520466003
800 0.02 -1 0.976113431389
800 0.03 -1 0.976382601967
800 0.04 -1 0.976810809724
800 0.05 -1 0.977420657053
800 0.06 -1 0.978134037427
800 0.07 -1 0.978905777651
800 0.08 -1 0.979710944918
800 0.09 -1 0.980540146242
800 0.1 -1 0.981388141006
800 0.12 -1 0.983134263266
800 0.14 -1 0.984937869162
800 0.15 -1 0.985859240067
800 0.16 -1 0.986792244142
800 0.18 -1 0.988688502274
800 0.2 -1 0.990618238669
800 0.25 -1 0.995545810894
800 0.3 -1 1.00055735882
800 10.0 -1 0.975566858798
800 100.0 -1 0.983579662883
900 0.0 -1 1.75147038175
900 0.01 -1 1.01653468005
900 0.02 -1 1.00928890245
900 0.03 -1 1.00469250129
900 0.04 -1 1.00171662687
900 0.05 -1 0.999801769986
900 0.06 -1 0.998573068725
900 0.07 -1 0.997796119433
900 0.08 -1 0.997319366505
900 0.09 -1 0.99704580487
900 0.1 -1 0.996910184806
900 0.12 -1 0.99689168942
900 0.14 -1 0.997055703981
900 0.15 -1 0.997171580928
900 0.16 -1 0.997300843787
900 0.18 -1 0.997580713164
900 0.2 -1 0.997871913688
900 0.25 -1 0.998594581261
900 0.3 -1 0.999279150456
900 10.0 -1 1.01548608757
900 100.0 -1 0.996868751466
4000 0.0 -1 5.14564581425
4000 0.01 -1 3.28154369982
4000 0.02 -1 3.20280568525
4000 0.03 -1 3.13277074071
4000 0.04 -1 3.06364152962
4000 0.05 -1 2.99626175916
4000 0.06 -1 2.93149300271
4000 0.07 -1 2.86967273792
4000 0.08 -1 2.81081995865
4000 0.09 -1 2.75482410005
4000 0.1 -1 2.70150940648
4000 0.12 -1 2.60219936206
4000 0.14 -1 2.51149547088
4000 0.15 -1 2.46898218818
4000 0.16 -1 2.42818132549
4000 0.18 -1 2.35124599713
4000 0.2 -1 2.2798489844
4000 0.25 -1 2.12130349671
4000 0.3 -1 1.98522706889
4000 10.0 -1 3.49960618346
4000 100.0 -1 3.16763271743
5000 0.0 -1 1.11003058317
5000 0.01 -1 2.46466020013
5000 0.02 -1 2.4383121506
5000 0.03 -1 2.39929801803
5000 0.04 -1 2.35795097892
5000 0.05 -1 2.31675937392
5000 0.06 -1 2.2767942363
5000 0.07 -1 2.23851098425
5000 0.08 -1 2.20206780033
5000 0.09 -1 2.16746868595
5000 0.1 -1 2.13464543571
5000 0.12 -1 2.07388808613
5000 0.14 -1 2.01888339049
5000 0.15 -1 1.99325698571
5000 0.16 -1 1.96875012835
5000 0.18 -1 1.92273391959
5000 0.2 -1 1.88020205916
5000 0.25 -1 1.78586257787
5000 0.3 -1 1.70420440786
5000 10.0 -1 1.84215313908
5000 100.0 -1 2.4383121506
115 0.0 -1 0.338251340739
115 0.01 -1 1.20393528312
115 0.02 -1 1.47220097302
115 0.03 -1 1.72945976111
115 0.04 -1 1.97737637172
115 0.05 -1 2.20847767711
115 0.06 -1 2.4178822944
115 0.07 -1 2.60257276607
115 0.08 -1 2.76113074826
115 0.09 -1 2.89357010945
115 0.1 -1 3.00086250728
115 0.12 -1 3.14726721315
115 0.14 -1 3.21763837314
115 0.15 -1 3.2300766362
115 0.16 -1 3.2302299215
115 0.18 -1 3.20114819465
115 0.2 -1 3.14342167212
115 0.25 -1 2.9326031787
115 0.3 -1 2.69200358514
115 10.0 -1 2.85598035455
115 100.0 -1 1.17461375014
120 0.0 -1 0.363537244721
120 0.01 -1 1.37869894713
120 0.02 -1 1.72615769548
120 0.03 -1 1.96818527074
120 0.04 -1 2.14538058325
120 0.05 -1 2.27879816347
120 0.06 -1 2.38410461665
120 0.07 -1 2.47184291022
120 0.08 -1 2.54882024815
120 0.09 -1 2.61914468776
120 0.1 -1 2.68512121757
120 0.12 -1 2.80793942917
120 0.14 -1 2.91999560287
120 0.15 -1 2.97168890627
120 0.16 -1 3.02021190599
120 0.18 -1 3.10694545061
120 0.2 -1 3.17906095323
120 0.25 -1 3.29449978269
120 0.3 -1 3.3268322722
120 10.0 -1 2.57284604479
120 100.0 -1 2.24272648688
124 0.0 -1 0.377099365508
124 0.01 -1 1.25389112321
124 0.02 -1 1.42095796352
124 0.03 -1 1.57019937219
124 0.04 -1 1.71705635322
124 0.05 -1 1.856128371
124 0.06 -1 1.98469916209
124 0.07 -1 2.10227488548
124 0.08 -1 2.20929675167
124 0.09 -1 2.30684715256
124 0.1 -1 2.3959292772
124 0.12 -1 2.55269437707
124 0.14 -1 2.68607607916
124 0.15 -1 2.74539783988
124 0.16 -1 2.8003918327
124 0.18 -1 2.8985776144
124 0.2 -1 2.98257656701
124 0.25 -1 3.13947101935
124 0.3 -1 3.23317499524
124 10.0 -1 2.21586642576
124 100.0 -1 2.72015093292
125 0.0 -1 0.343154933867
125 0.01 -1 0.992213534836
125 0.02 -1 1.05234122229
125 0.03 -1 1.14564219456
125 0.04 -1 1.26577480273
125 0.05 -1 1.39860519041
125 0.06 -1 1.53571730229
125 0.07 -1 1.67265535132
125 0.08 -1 1.80697051913
125 0.09 -1 1.93738294086
125 0.1 -1 2.06315996849
125 0.12 -1 2.29930615619
125 0.14 -1 2.51406148077
125 0.15 -1 2.61344417331
125 0.16 -1 2.70760519768
125 0.18 -1 2.8808941921
125 0.2 -1 3.03532760724
125 0.25 -1 3.34939838333
125 0.3 -1 3.57945652698
125 10.0 -1 1.80697051913
125 100.0 -1 3.79694466188
126 0.0 -1 0.339620943712
126 0.01 -1 1.04802972874
126 0.02 -1 1.20088100615
126 0.03 -1 1.3428218489
126 0.04 -1 1.48145319824
126 0.05 -1 1.61443514877
126 0.06 -1 1.74131797151
126 0.07 -1 1.86233883453
126 0.08 -1 1.97817877857
126 0.09 -1 2.08945905904
126 0.1 -1 2.19672965012
126 0.12 -1 2.40085403793
126 0.14 -1 2.5927307837
126 0.15 -1 2.68447398885
126 0.16 -1 2.77356569163
126 0.18 -1 2.94391695828
126 0.2 -1 3.10402564814
126 0.25 -1 3.4599287532
126 0.3 -1 3.75327952914
126 10.0 -1 1.97096293263
126 100.0 -1 4.3572157718
130 0.0 -1 0.238396691305
130 0.01 -1 1.08923026751
130 0.02 -1 1.25430379822
130 0.03 -1 1.35480075754
130 0.04 -1 1.45227274574
130 0.05 -1 1.55185232367
130 0.06 -1 1.65321486306
130 0.07 -1 1.75534145198
130 0.08 -1 1.85726023774
130 0.09 -1 1.95821832205
130 0.1 -1 2.05767431431
130 0.12 -1 2.25078168829
130 0.14 -1 2.43488613341
130 0.15 -1 2.52326660901
130 0.16 -1 2.60905962366
130 0.18 -1 2.77262406376
130 0.2 -1 2.92506000357
130 0.25 -1 3.25527356084
130 0.3 -1 3.5123839559
130 10.0 -1 1.82598383436
130 100.0 -1 3.70768255594
135 0.0 -1 0.220613843744
135 0.01 -1 1.06343344501
135 0.02 -1 1.44907652944
135 0.03 -1 1.75255527757
135 0.04 -1 2.01520737503
135 0.05 -1 2.24871439421
135 0.06 -1 2.46053329531
135 0.07 -1 2.65545506338
135 0.08 -1 2.83648470543
135 0.09 -1 3.00545283169
135 0.1 -1 3.16344094069
135 0.12 -1 3.44877154013
135 0.14 -1 3.69555640352
135 0.15 -1 3.80517591431
135 0.16 -1 3.90598852272
135 0.18 -1 4.08249057775
135 0.2 -1 4.22787648396
135 0.25 -1 4.47516295498
135 0.3 -1 4.59309743792
135 10.0 -1 2.73076589313
135 100.0 -1 3.79269068808
140 0.0 -1 0.279139839956
140 0.01 -1 1.38128561191
140 0.02 -1 1.9545698879
140 0.03 -1 2.45132895537
140 0.04 -1 2.93220240092
140 0.05 -1 3.40415476235
140 0.06 -1 3.86616586802
140 0.07 -1 4.31645323057
140 0.08 -1 4.7538230901
140 0.09 -1 5.1776444822
140 0.1 -1 5.58764014567
140 0.12 -1 6.36612649688
140 0.14 -1 7.09008212575
140 0.15 -1 7.43208018757
140 0.16 -1 7.76105479308
140 0.18 -1 8.3808572743
140 0.2 -1 8.95145644543
140 0.25 -1 10.1770218915
140 0.3 -1 11.1453701823
140 10.0 -1 4.37972298276
140 100.0 -1 13.5882258219
145 0.0 -1 0.314751727066
145 0.01 -1 1.43292315846
145 0.02 -1 2.02710780858
145 0.03 -1 2.5649231417
145 0.04 -1 3.08789792165
145 0.05 -1 3.59650318996
145 0.06 -1 4.0889131572
145 0.07 -1 4.56389740877
145 0.08 -1 5.02095409378
145 0.09 -1 5.4598885777
145 0.1 -1 5.88082863942
145 0.12 -1 6.66970057634
145 0.14 -1 7.39053129679
145 0.15 -1 7.72664267562
145 0.16 -1 8.04726812517
145 0.18 -1 8.644438123
145 0.2 -1 9.1867960259
145 0.25 -1 10.3332447193
145 0.3 -1 11.2318227842
145 10.0 -1 4.5156074997
145 100.0 -1 13.758246636
150 0.0 -1 0.359326845242
150 0.01 -1 1.58712840759
150 0.02 -1 2.36491140862
150 0.03 -1 3.06225139179
150 0.04 -1 3.72619482315
150 0.05 -1 4.36230334998
150 0.06 -1 4.97184581107
150 0.07 -1 5.5554843599
150 0.08 -1 6.11376450582
150 0.09 -1 6.64727629213
150 0.1 -1 7.15669454268
150 0.12 -1 8.10623155248
150 0.14 -1 8.96917549628
150 0.15 -1 9.37053354088
150 0.16 -1 9.75311200067
150 0.18 -1 10.4658112836
150 0.2 -1 11.1147067887
150 0.25 -1 12.5010919661
150 0.3 -1 13.6175109289
150 10.0 -1 5.36378165783
150 100.0 -1 17.5359723008
155 0.0 -1 0.468275362073
155 0.01 -1 1.77701183696
155 0.02 -1 2.68060310079
155 0.03 -1 3.51794255099
155 0.04 -1 4.32326709647
155 0.05 -1 5.10088934054
155 0.06 -1 5.85187570643
155 0.07 -1 6.57713199389
155 0.08 -1 7.27781087331
155 0.09 -1 7.95516565026
155 0.1 -1 8.61064892513
155 0.12 -1 9.86143318491
155 0.14 -1 11.040304707
155 0.15 -1 11.6055379852
155 0.16 -1 12.1559001292
155 0.18 -1 13.2153579332
155 0.2 -1 14.2245146314
155 0.25 -1 16.5572967538
155 0.3 -1 18.6609113802
155 10.0 -1 6.18254469136
155 100.0 -1 29.1171671083
160 0.0 -1 0.705336598045
160 0.01 -1 1.58819152986
160 0.02 -1 2.21864762518
160 0.03 -1 2.7865176636
160 0.04 -1 3.32583138237
160 0.05 -1 3.84352683162
160 0.06 -1 4.34375171793
160 0.07 -1 4.82956461819
160 0.08 -1 5.3032672632
160 0.09 -1 5.76661352694
160 0.1 -1 6.2209669827
160 0.12 -1 7.10672078396
160 0.14 -1 7.96680883963
160 0.15 -1 8.38861351529
160 0.16 -1 8.80549091759
160 0.18 -1 9.62580284549
160 0.2 -1 10.4300000307
160 0.25 -1 12.3803509995
160 0.3 -1 14.2583278361
160 10.0 -1 4.46644389245
160 100.0 -1 25.2561385637
165 0.0 -1 1.22179577359
165 0.01 -1 1.10346397453
165 0.02 -1 1.24479943474
165 0.03 -1 1.36774765052
165 0.04 -1 1.49036554561
165 0.05 -1 1.61387440076
165 0.06 -1 1.73799598114
165 0.07 -1 1.86233046792
165 0.08 -1 1.98646721417
165 0.09 -1 2.11011373764
165 0.1 -1 2.23305471432
165 0.12 -1 2.47626762983
165 0.14 -1 2.71539182391
165 0.15 -1 2.83333343382
165 0.16 -1 2.95019544831
165 0.18 -1 3.18069377411
165 0.2 -1 3.4070046275
165 0.25 -1 3.95563270015
165 0.3 -1 4.48203843249
165 10.0 -1 1.74552541852
165 100.0 -1 7.34632572229
170 0.0 -1 1.47595040781
170 0.01 -1 1.04734498521
170 0.02 -1 1.12753722089
170 0.03 -1 1.19986394079
170 0.04 -1 1.27343100919
170 0.05 -1 1.34853314633
170 0.06 -1 1.42490004009
170 0.07 -1 1.50219429651
170 0.08 -1 1.58013885016
170 0.09 -1 1.6584906627
170 0.1 -1 1.73707036308
170 0.12 -1 1.89430992103
170 0.14 -1 2.05094559344
170 0.15 -1 2.12884642185
170 0.16 -1 2.20640444553
170 0.18 -1 2.36032508619
170 0.2 -1 2.51251134829
170 0.25 -1 2.88487200453
170 0.3 -1 3.24570646623
170 10.0 -1 1.41586102572
170 100.0 -1 5.14005310843
175 0.0 -1 1.58917690413
175 0.01 -1 1.03692667444
175 0.02 -1 1.09695642195
175 0.03 -1 1.15398583791
175 0.04 -1 1.21301955926
175 0.05 -1 1.27367638078
175 0.06 -1 1.33553264997
175 0.07 -1 1.39828699144
175 0.08 -1 1.46172890041
175 0.09 -1 1.52569067421
175 0.1 -1 1.58999653052
175 0.12 -1 1.71914298095
175 0.14 -1 1.84837197741
175 0.15 -1 1.91282457949
175 0.16 -1 1.97708802012
175 0.18 -1 2.10490134475
175 0.2 -1 2.23154359054
175 0.25 -1 2.54208502198
175 0.3 -1 2.84333866509
175 10.0 -1 1.31774911367
175 100.0 -1 4.33234531013
180 0.0 -1 1.62862982106
180 0.01 -1 1.01807613518
180 0.02 -1 1.0645049973
180 0.03 -1 1.10943131112
180 0.04 -1 1.15645179095
180 0.05 -1 1.20500663871
180 0.06 -1 1.25443668102
180 0.07 -1 1.30434251833
180 0.08 -1 1.35449963455
180 0.09 -1 1.40474707398
180 0.1 -1 1.45501265882
180 0.12 -1 1.55532468221
180 0.14 -1 1.65515638677
180 0.15 -1 1.70484235275
180 0.16 -1 1.75434608361
180 0.18 -1 1.85277302364
180 0.2 -1 1.95035275707
180 0.25 -1 2.19020681149
180 0.3 -1 2.42388188773
180 10.0 -1 1.23238439379
180 100.0 -1 3.52729439091
190 0.0 -1 1.70676450697
190 0.01 -1 1.00673551358
190 0.02 -1 1.04426642837
190 0.03 -1 1.07906788592
190 0.04 -1 1.11447476566
190 0.05 -1 1.15056476256
190 0.06 -1 1.18724454419
190 0.07 -1 1.22438098689
190 0.08 -1 1.26186429302
190 0.09 -1 1.29959349238
190 0.1 -1 1.3374959348
190 0.12 -1 1.41360320689
190 0.14 -1 1.48982534201
190 0.15 -1 1.52790930519
190 0.16 -1 1.56595094593
190 0.18 -1 1.64184082614
190 0.2 -1 1.71739684505
190 0.25 -1 1.90440243255
190 0.3 -1 2.08820093354
190 10.0 -1 1.16016439042
190 100.0 -1 2.87473424348
200 0.0 -1 1.66310849668
200 0.01 -1 1.00039548012
200 0.02 -1 1.03809311958
200 0.03 -1 1.06948421452
200 0.04 -1 1.09967207676
200 0.05 -1 1.12967564363
200 0.06 -1 1.15970189628
200 0.07 -1 1.18973771595
200 0.08 -1 1.21974555344
200 0.09 -1 1.24969167983
200 0.1 -1 1.2795472131
200 0.12 -1 1.33896645955
200 0.14 -1 1.39800182072
200 0.15 -1 1.42738515971
200 0.16 -1 1.45668745965
200 0.18 -1 1.51504877413
200 0.2 -1 1.57309567117
200 0.25 -1 1.71679985335
200 0.3 -1 1.85830163154
200 10.0 -1 1.12967564363
200 100.0 -1 2.39813197466
210 0.0 -1 1.62000052123
210 0.01 -1 0.972423242817
210 0.02 -1 1.00404624797
210 0.03 -1 1.03481701689
210 0.04 -1 1.06498989703
210 0.05 -1 1.09474993147
210 0.06 -1 1.12422537535
210 0.07 -1 1.15348215515
210 0.08 -1 1.18255250224
210 0.09 -1 1.21145601785
210 0.1 -1 1.24019562471
210 0.12 -1 1.29717230362
210 0.14 -1 1.35346920011
210 0.15 -1 1.38135861406
210 0.16 -1 1.40907294513
210 0.18 -1 1.46398359328
210 0.2 -1 1.51821441474
210 0.25 -1 1.65093889854
210 0.3 -1 1.77981821887
210 10.0 -1 1.08769293869
210 100.0 -1 2.20686773626
230 0.0 -1 1.5084917451
230 0.01 -1 0.943780725954
230 0.02 -1 0.960184678367
230 0.03 -1 0.978131834599
230 0.04 -1 0.997486932933
230 0.05 -1 1.01771862369
230 0.06 -1 1.03839493039
230 0.07 -1 1.0592844604
230 0.08 -1 1.08023278335
230 0.09 -1 1.10116169437
230 0.1 -1 1.12201943321
230 0.12 -1 1.16342470092
230 0.14 -1 1.2043386082
230 0.15 -1 1.22460122476
230 0.16 -1 1.24473683337
230 0.18 -1 1.28462850321
230 0.2 -1 1.32403342346
230 0.25 -1 1.42052141014
230 0.3 -1 1.51424632761
230 10.0 -1 1.00445533984
230 100.0 -1 1.75355558425
250 0.0 -1 1.38459381701
250 0.01 -1 0.934843419745
250 0.02 -1 0.956648181754
250 0.03 -1 0.975433856147
250 0.04 -1 0.993603662512
250 0.05 -1 1.01168498902
250 0.06 -1 1.02971649141
250 0.07 -1 1.04765463141
250 0.08 -1 1.06543823257
250 0.09 -1 1.08303084275
250 0.1 -1 1.10041017302
250 0.12 -1 1.13451495482
250 0.14 -1 1.16778183028
250 0.15 -1 1.18412334564
250 0.16 -1 1.20028732719
250 0.18 -1 1.2321124522
250 0.2 -1 1.26332750316
250 0.25 -1 1.33905359583
250 0.3 -1 1.41195274032
250 10.0 -1 0.993603662512
250 100.0 -1 1.55068506566
270 0.0 -1 2.26137205002
270 0.01 -1 0.930104894574
270 0.02 -1 0.949672575051
270 0.03 -1 0.96687331886
270 0.04 -1 0.982524127804
270 0.05 -1 0.99726889434
270 0.06 -1 1.01147783227
270 0.07 -1 1.02535643287
270 0.08 -1 1.03901927659
270 0.09 -1 1.05252331073
270 0.1 -1 1.06590483271
270 0.12 -1 1.09235156868
270 0.14 -1 1.11843205071
270 0.15 -1 1.13134466639
270 0.16 -1 1.14417545025
270 0.18 -1 1.1695920956
270 0.2 -1 1.19469453823
270 0.25 -1 1.25611611022
270 0.3 -1 1.31570927148
270 10.0 -1 0.978001494801
270 100.0 -1 1.39663731562
