1000 0.0 -1 1.6903235799
1000 0.01 -1 1.09523292354
1000 0.02 -1 1.08920704936
1000 0.03 -1 1.08085563537
1000 0.04 -1 1.07367112651
1000 0.05 -1 1.06779541231
1000 0.06 -1 1.06296090551
1000 0.07 -1 1.05889762633
1000 0.08 -1 1.05539567891
1000 0.09 -1 1.05230010637
1000 0.1 -1 1.04950665149
1000 0.12 -1 1.04455757433
1000 0.14 -1 1.04019237111
1000 0.15 -1 1.03816824535
1000 0.16 -1 1.03622748434
1000 0.18 -1 1.03256163398
1000 0.2 -1 1.02912923566
1000 0.25 -1 1.0213157618
1000 0.3 -1 1.01430224002
1000 10.0 -1 1.09523292354
1000 100.0 -1 1.04950665149
115 0.0 -1 0.301625460742
115 0.01 -1 0.917164745307
115 0.02 -1 0.911612117705
115 0.03 -1 0.856621930267
115 0.04 -1 0.78538540069
115 0.05 -1 0.712806257019
115 0.06 -1 0.645668847255
115 0.07 -1 0.586112332755
115 0.08 -1 0.534222466923
115 0.09 -1 0.489299853745
115 0.1 -1 0.45040263114
115 0.12 -1 0.387101461146
115 0.14 -1 0.338347067307
115 0.15 -1 0.318055642597
115 0.16 -1 0.29995045473
115 0.18 -1 0.269076907613
115 0.2 -1 0.24378650097
115 0.25 -1 0.197063420965
115 0.3 -1 0.16516289603
115 10.0 -1 0.502293234049
115 100.0 -1 0.0576493702962
120 0.0 -1 0.344543833872
120 0.01 -1 0.961589717196
120 0.02 -1 0.918949022214
120 0.03 -1 0.845008065134
120 0.04 -1 0.766534642634
120 0.05 -1 0.692106491859
120 0.06 -1 0.62523821765
120 0.07 -1 0.566739146255
120 0.08 -1 0.516125215635
120 0.09 -1 0.472473013602
120 0.1 -1 0.434768310698
120 0.12 -1 0.373523587941
120 0.14 -1 0.326408290003
120 0.15 -1 0.306814748417
120 0.16 -1 0.289335645199
120 0.18 -1 0.259537571848
120 0.2 -1 0.235126151897
120 0.25 -1 0.190053000483
120 0.3 -1 0.159282901689
120 10.0 -1 0.500844321851
120 100.0 -1 0.0580033838702
124 0.0 -1 0.332907221155
124 0.01 -1 0.881704921062
124 0.02 -1 0.791298073131
124 0.03 -1 0.689516968975
124 0.04 -1 0.599813926877
124 0.05 -1 0.525046329875
124 0.06 -1 0.46377550683
124 0.07 -1 0.413510018848
124 0.08 -1 0.372022141945
124 0.09 -1 0.337447084531
124 0.1 -1 0.308313243082
124 0.12 -1 0.262282459491
124 0.14 -1 0.227750190459
124 0.15 -1 0.213577229212
124 0.16 -1 0.201016491818
124 0.18 -1 0.179766855672
124 0.2 -1 0.16249517062
124 0.25 -1 0.130888416301
124 0.3 -1 0.109485497424
124 10.0 -1 0.369600471238
124 100.0 -1 0.04103475061
125 0.0 -1 0.3399122522
125 0.01 -1 0.888430494377
125 0.02 -1 0.827950418451
125 0.03 -1 0.751894972455
125 0.04 -1 0.678899233399
125 0.05 -1 0.612975640722
125 0.06 -1 0.555002062357
125 0.07 -1 0.504621946046
125 0.08 -1 0.461031353361
125 0.09 -1 0.423277310582
125 0.1 -1 0.390523377247
125 0.12 -1 0.336939125991
125 0.14 -1 0.295359682394
125 0.15 -1 0.277973236688
125 0.16 -1 0.262414643255
125 0.18 -1 0.235792333881
125 0.2 -1 0.213898355675
125 0.25 -1 0.173262931274
125 0.3 -1 0.145389579312
125 10.0 -1 0.461031353361
125 100.0 -1 0.0552837139418
126 0.0 -1 0.292091736363
126 0.01 -1 0.716835169319
126 0.02 -1 0.641821459083
126 0.03 -1 0.574186696397
126 0.04 -1 0.516743738333
126 0.05 -1 0.466818224322
126 0.06 -1 0.42330029916
126 0.07 -1 0.385426424784
126 0.08 -1 0.352530051377
126 0.09 -1 0.323972022862
126 0.1 -1 0.29910400669
126 0.12 -1 0.258280372464
126 0.14 -1 0.226533494504
126 0.15 -1 0.213239141448
126 0.16 -1 0.201334287288
126 0.18 -1 0.180949495652
126 0.2 -1 0.164172317965
126 0.25 -1 0.13301350245
126 0.3 -1 0.111628341271
126 10.0 -1 0.354482076814
126 100.0 -1 0.0427903918402
130 0.0 -1 0.17947910075
130 0.01 -1 0.728675155211
130 0.02 -1 0.742849802473
130 0.03 -1 0.698242539535
130 0.04 -1 0.64721333497
130 0.05 -1 0.596471405908
130 0.06 -1 0.548534178501
130 0.07 -1 0.504582452669
130 0.08 -1 0.465035564915
130 0.09 -1 0.429796462528
130 0.1 -1 0.398546870188
130 0.12 -1 0.346268206815
130 0.14 -1 0.304906098431
130 0.15 -1 0.287430591409
130 0.16 -1 0.271713100126
130 0.18 -1 0.244662908048
130 0.2 -1 0.222280999769
130 0.25 -1 0.180482089253
130 0.3 -1 0.151646234508
130 10.0 -1 0.476732778005
130 100.0 -1 0.0601101787056
135 0.0 -1 0.21414070848
135 0.01 -1 0.815064526987
135 0.02 -1 0.793516873372
135 0.03 -1 0.732097017194
135 0.04 -1 0.674535478282
135 0.05 -1 0.622787682514
135 0.06 -1 0.576417450827
135 0.07 -1 0.534858524349
135 0.08 -1 0.497592507876
135 0.09 -1 0.464121973711
135 0.1 -1 0.434068063789
135 0.12 -1 0.382688123469
135 0.14 -1 0.34081211099
135 0.15 -1 0.322772927364
135 0.16 -1 0.306359749869
135 0.18 -1 0.277713633283
135 0.2 -1 0.25363053503
135 0.25 -1 0.207745528401
135 0.3 -1 0.175459867916
135 10.0 -1 0.519182532851
135 100.0 -1 0.0729894887867
140 0.0 -1 0.216490081876
140 0.01 -1 0.772831320383
140 0.02 -1 0.796676400196
140 0.03 -1 0.768908772784
140 0.04 -1 0.732292405131
140 0.05 -1 0.693327720223
140 0.06 -1 0.654470951586
140 0.07 -1 0.61685919978
140 0.08 -1 0.581174067444
140 0.09 -1 0.547782261459
140 0.1 -1 0.516767893937
140 0.12 -1 0.461819676266
140 0.14 -1 0.415401274788
140 0.15 -1 0.394998356303
140 0.16 -1 0.376234647059
140 0.18 -1 0.343024774122
140 0.2 -1 0.314695591765
140 0.25 -1 0.25975655409
140 0.3 -1 0.220406031877
140 10.0 -1 0.611630318392
140 100.0 -1 0.0959854861791
145 0.0 -1 0.280745998776
145 0.01 -1 1.01445526149
145 0.02 -1 1.05906693097
145 0.03 -1 1.04132366118
145 0.04 -1 1.01913894965
145 0.05 -1 0.997354227726
145 0.06 -1 0.975778425948
145 0.07 -1 0.953824988139
145 0.08 -1 0.931283507304
145 0.09 -1 0.908118528701
145 0.1 -1 0.884478112496
145 0.12 -1 0.836483418193
145 0.14 -1 0.788853891576
145 0.15 -1 0.765589089679
145 0.16 -1 0.742846074393
145 0.18 -1 0.699262579335
145 0.2 -1 0.65855496217
145 0.25 -1 0.569908793571
145 0.3 -1 0.498430463098
145 10.0 -1 0.956110958145
145 100.0 -1 0.240303638355
150 0.0 -1 0.311704001825
150 0.01 -1 1.00414619856
150 0.02 -1 1.14001338793
150 0.03 -1 1.21012549695
150 0.04 -1 1.26170918887
150 0.05 -1 1.30183013693
150 0.06 -1 1.33287537345
150 0.07 -1 1.35617170065
150 0.08 -1 1.37274564715
150 0.09 -1 1.38342281362
150 0.1 -1 1.38888955894
150 0.12 -1 1.38672866461
150 0.14 -1 1.37065329128
150 0.15 -1 1.35859468534
150 0.16 -1 1.34440231655
150 0.18 -1 1.31106328341
150 0.2 -1 1.27313398191
150 0.25 -1 1.16973010042
150 0.3 -1 1.06705583779
150 10.0 -1 1.34919130787
150 100.0 -1 0.590776101657
1500 0.0 -1 2.65037019959
1500 0.01 -1 1.49345984736
1500 0.02 -1 1.47615637131
1500 0.03 -1 1.46173802989
1500 0.04 -1 1.44919663079
1500 0.05 -1 1.43740995062
1500 0.06 -1 1.42599307624
1500 0.07 -1 1.41483129233
1500 0.08 -1 1.40389356653
1500 0.09 -1 1.39317084518
1500 0.1 -1 1.3826620396
1500 0.12 -1 1.36227264865
1500 0.14 -1 1.34268349866
1500 0.15 -1 1.33317216137
1500 0.16 -1 1.32383974706
1500 0.18 -1 1.30568570275
1500 0.2 -1 1.28817210696
1500 0.25 -1 1.24690893861
1500 0.3 -1 1.20881804045
1500 10.0 -1 1.49585990729
1500 100.0 -1 1.41852729478
155 0.0 -1 0.414468785394
155 0.01 -1 1.34729712136
155 0.02 -1 1.7226500227
155 0.03 -1 2.01568189565
155 0.04 -1 2.26886590487
155 0.05 -1 2.48908364374
155 0.06 -1 2.68027828596
155 0.07 -1 2.84591224133
155 0.08 -1 2.98887388193
155 0.09 -1 3.11175167821
155 0.1 -1 3.2168042498
155 0.12 -1 3.38121200065
155 0.14 -1 3.49542109785
155 0.15 -1 3.53706755408
155 0.16 -1 3.56991863101
155 0.18 -1 3.61296107078
155 0.2 -1 3.6310672619
155 0.25 -1 3.59862809797
155 0.3 -1 3.49639357258
155 10.0 -1 2.758067328
155 100.0 -1 2.47528046101
160 0.0 -1 0.685390839081
160 0.01 -1 1.23432066726
160 0.02 -1 1.50817007127
160 0.03 -1 1.71569207567
160 0.04 -1 1.89693955879
160 0.05 -1 2.06010837908
160 0.06 -1 2.20915939942
160 0.07 -1 2.34647217212
160 0.08 -1 2.47378087296
160 0.09 -1 2.59231862617
160 0.1 -1 2.70307876474
160 0.12 -1 2.90428807066
160 0.14 -1 3.08216371614
160 0.15 -1 3.16345267424
160 0.16 -1 3.24011727493
160 0.18 -1 3.38071726788
160 0.2 -1 3.50596585053
160 0.25 -1 3.7620705837
160 0.3 -1 3.95136981834
160 10.0 -1 2.24450680544
160 100.0 -1 4.26761508654
165 0.0 -1 1.13008444213
165 0.01 -1 1.23890355152
165 0.02 -1 1.38203618165
165 0.03 -1 1.49017347334
165 0.04 -1 1.59370086543
165 0.05 -1 1.69633909386
165 0.06 -1 1.7988295175
165 0.07 -1 1.90123525142
165 0.08 -1 2.00326822363
165 0.09 -1 2.1046746717
165 0.1 -1 2.20523885207
165 0.12 -1 2.40310152139
165 0.14 -1 2.59584959702
165 0.15 -1 2.69016586094
165 0.16 -1 2.78308576427
165 0.18 -1 2.96469624584
165 0.2 -1 3.14079984337
165 0.25 -1 3.55816571337
165 0.3 -1 3.94575175596
165 10.0 -1 1.80506153028
165 100.0 -1 5.83284853507
170 0.0 -1 1.48867695288
170 0.01 -1 1.0807518777
170 0.02 -1 1.17010307127
170 0.03 -1 1.2489179052
170 0.04 -1 1.32778842191
170 0.05 -1 1.40719826488
170 0.06 -1 1.48694552913
170 0.07 -1 1.56670307176
170 0.08 -1 1.64628506244
170 0.09 -1 1.72554252569
170 0.1 -1 1.80432796033
170 0.12 -1 1.96024553803
170 0.14 -1 2.11358324784
170 0.15 -1 2.18918789444
170 0.16 -1 2.26406917496
170 0.18 -1 2.41154025483
170 0.2 -1 2.55593916956
170 0.25 -1 2.90350583404
170 0.3 -1 3.23265517317
170 10.0 -1 1.47755866855
170 100.0 -1 4.83927617391
175 0.0 -1 1.54620734168
175 0.01 -1 1.10413320852
175 0.02 -1 1.20035638191
175 0.03 -1 1.28088428138
175 0.04 -1 1.35785888908
175 0.05 -1 1.43337767319
175 0.06 -1 1.50802557113
175 0.07 -1 1.58199104503
175 0.08 -1 1.65532114716
175 0.09 -1 1.72801380914
175 0.1 -1 1.80004503242
175 0.12 -1 1.94212134902
175 0.14 -1 2.08148202698
175 0.15 -1 2.15016132529
175 0.16 -1 2.21818108542
175 0.18 -1 2.35227486489
175 0.2 -1 2.48387578255
175 0.25 -1 2.80265816093
175 0.3 -1 3.10802210979
175 10.0 -1 1.48676994367
175 100.0 -1 4.57685526563
180 0.0 -1 1.65530974652
180 0.01 -1 1.0662731973
180 0.02 -1 1.1465192713
180 0.03 -1 1.22131043303
180 0.04 -1 1.29504527698
180 0.05 -1 1.36789949217
180 0.06 -1 1.43992561846
180 0.07 -1 1.51120727016
180 0.08 -1 1.58178561661
180 0.09 -1 1.65171307317
180 0.1 -1 1.72101911129
180 0.12 -1 1.85782772033
180 0.14 -1 1.99235636174
180 0.15 -1 2.05878807451
180 0.16 -1 2.12468322216
180 0.18 -1 2.25485025032
180 0.2 -1 2.38290465356
180 0.25 -1 2.6940113974
180 0.3 -1 2.99271233329
180 10.0 -1 1.40801845177
180 100.0 -1 4.35216640924
190 0.0 -1 1.72806450599
190 0.01 -1 1.03400696217
190 0.02 -1 1.09610440248
190 0.03 -1 1.15469529293
190 0.04 -1 1.21294588228
190 0.05 -1 1.27106239172
190 0.06 -1 1.32896668064
190 0.07 -1 1.38659764889
190 0.08 -1 1.44391447787
190 0.09 -1 1.50091589165
190 0.1 -1 1.55758623426
190 0.12 -1 1.66989388354
190 0.14 -1 1.78082353437
190 0.15 -1 1.83577791631
190 0.16 -1 1.89039332163
190 0.18 -1 1.99863495088
190 0.2 -1 2.10558356018
190 0.25 -1 2.36757462683
190 0.3 -1 2.62231903025
190 10.0 -1 1.2863274007
190 100.0 -1 3.69609526584
200 0.0 -1 1.67781721912
200 0.01 -1 1.01654034258
200 0.02 -1 1.06705711985
200 0.03 -1 1.11578135293
200 0.04 -1 1.1642199666
200 0.05 -1 1.21245608733
200 0.06 -1 1.26054457762
200 0.07 -1 1.30851567476
200 0.08 -1 1.35638319992
200 0.09 -1 1.40416554869
200 0.1 -1 1.45186139558
200 0.12 -1 1.54701141311
200 0.14 -1 1.64181730749
200 0.15 -1 1.68907395348
200 0.16 -1 1.73622586227
200 0.18 -1 1.83019495381
200 0.2 -1 1.92366728056
200 0.25 -1 2.15490223638
200 0.3 -1 2.38218972033
200 10.0 -1 1.21245608733
200 100.0 -1 3.24739971033
2000 0.0 -1 3.91797953341
2000 0.01 -1 2.40109127199
2000 0.02 -1 2.3628534761
2000 0.03 -1 2.32637813103
2000 0.04 -1 2.28971085717
2000 0.05 -1 2.25353542229
2000 0.06 -1 2.21824353334
2000 0.07 -1 2.18395857141
2000 0.08 -1 2.15069017539
2000 0.09 -1 2.11840115056
2000 0.1 -1 2.08705279093
2000 0.12 -1 2.0269934531
2000 0.14 -1 1.97019930221
2000 0.15 -1 1.94293986244
2000 0.16 -1 1.91639798344
2000 0.18 -1 1.86536133586
2000 0.2 -1 1.81687711625
2000 0.25 -1 1.70565077936
2000 0.3 -1 1.60677779998
2000 10.0 -1 2.43821240835
2000 100.0 -1 2.25353542229
210 0.0 -1 1.62260012635
210 0.01 -1 1.00806288278
210 0.02 -1 1.06313204641
210 0.03 -1 1.11471338417
210 0.04 -1 1.16447939754
210 0.05 -1 1.21312393819
210 0.06 -1 1.26100431961
210 0.07 -1 1.3083569034
210 0.08 -1 1.35530000089
210 0.09 -1 1.40191546528
210 0.1 -1 1.44825857853
210 0.12 -1 1.54024070368
210 0.14 -1 1.63140604015
210 0.15 -1 1.6767114647
210 0.16 -1 1.72183952429
210 0.18 -1 1.81158744783
210 0.2 -1 1.90067266518
210 0.25 -1 2.1205996049
210 0.3 -1 2.33662490588
210 10.0 -1 1.20162384029
210 100.0 -1 3.06707781446
230 0.0 -1 1.55569680328
230 0.01 -1 0.99352833142
230 0.02 -1 1.03226228831
230 0.03 -1 1.07254141038
230 0.04 -1 1.113352174
230 0.05 -1 1.15444109914
230 0.06 -1 1.19563671812
230 0.07 -1 1.2368447596
230 0.08 -1 1.27798520621
230 0.09 -1 1.31902208007
230 0.1 -1 1.35992891987
230 0.12 -1 1.44127811839
230 0.14 -1 1.52196852558
230 0.15 -1 1.56205786381
230 0.16 -1 1.60197602804
230 0.18 -1 1.68131102123
230 0.2 -1 1.75998553785
230 0.25 -1 1.95394297881
230 0.3 -1 2.14427938322
230 10.0 -1 1.12762010637
230 100.0 -1 2.64127193399
250 0.0 -1 1.45416554867
250 0.01 -1 0.978646357214
250 0.02 -1 1.01718540342
250 0.03 -1 1.05437289772
250 0.04 -1 1.09096957293
250 0.05 -1 1.12728193584
250 0.06 -1 1.16341064491
250 0.07 -1 1.19939099213
250 0.08 -1 1.23522233488
250 0.09 -1 1.270882216
250 0.1 -1 1.3063777016
250 0.12 -1 1.37690413512
250 0.14 -1 1.44681574539
250 0.15 -1 1.48155402164
250 0.16 -1 1.51615960319
250 0.18 -1 1.58495981858
250 0.2 -1 1.65323543334
250 0.25 -1 1.82167982145
250 0.3 -1 1.98695116368
250 10.0 -1 1.09096957293
250 100.0 -1 2.3080240948
2500 0.0 -1 1.38020320147
2500 0.01 -1 2.93663553041
2500 0.02 -1 2.86288650508
2500 0.03 -1 2.80444980296
2500 0.04 -1 2.75090811447
2500 0.05 -1 2.69988894022
2500 0.06 -1 2.65080376328
2500 0.07 -1 2.6034610686
2500 0.08 -1 2.55774799361
2500 0.09 -1 2.5135837674
2500 0.1 -1 2.47088741197
2500 0.12 -1 2.38961403395
2500 0.14 -1 2.31339989577
2500 0.15 -1 2.27703834116
2500 0.16 -1 2.24176869797
2500 0.18 -1 2.17429668879
2500 0.2 -1 2.11061110058
2500 0.25 -1 1.96589844694
2500 0.3 -1 1.83870492533
2500 10.0 -1 2.88795339322
2500 100.0 -1 2.75090811447
270 0.0 -1 2.33709998426
270 0.01 -1 0.96832168194
270 0.02 -1 1.00084635777
270 0.03 -1 1.0329016381
270 0.04 -1 1.06474150827
270 0.05 -1 1.09653368671
270 0.06 -1 1.12831843003
270 0.07 -1 1.16009045794
270 0.08 -1 1.1918334715
270 0.09 -1 1.22353650209
270 0.1 -1 1.25519068888
270 0.12 -1 1.318313107
270 0.14 -1 1.38113970572
270 0.15 -1 1.41242769552
270 0.16 -1 1.44362325133
270 0.18 -1 1.5057246724
270 0.2 -1 1.56741434451
270 0.25 -1 1.71968275008
270 0.3 -1 1.86901308365
270 10.0 -1 1.05531690086
270 100.0 -1 2.07408168708
300 0.0 -1 2.092581344
300 0.01 -1 0.950365035929
300 0.02 -1 0.979718013261
300 0.03 -1 1.00805307263
300 0.04 -1 1.03590635764
300 0.05 -1 1.06346520906
300 0.06 -1 1.09082746692
300 0.07 -1 1.11799755215
300 0.08 -1 1.14501386158
300 0.09 -1 1.17187481711
300 0.1 -1 1.19859708575
300 0.12 -1 1.25165359433
300 0.14 -1 1.30422439546
300 0.15 -1 1.33033435342
300 0.16 -1 1.35632644578
300 0.18 -1 1.40797057502
300 0.2 -1 1.45915538018
300 0.25 -1 1.58511090417
300 0.3 -1 1.70816643673
300 10.0 -1 1.01737562173
300 100.0 -1 1.78857723306
3000 0.0 -1 6.31895535343
3000 0.01 -1 3.17959428816
3000 0.02 -1 3.11369581766
3000 0.03 -1 3.05254036225
3000 0.04 -1 2.99299994859
3000 0.05 -1 2.93518536166
3000 0.06 -1 2.87923909765
3000 0.07 -1 2.82518623175
3000 0.08 -1 2.77302522494
3000 0.09 -1 2.72270431253
3000 0.1 -1 2.67415074871
3000 0.12 -1 2.58205477045
3000 0.14 -1 2.49609445443
3000 0.15 -1 2.45522042938
3000 0.16 -1 2.41565757185
3000 0.18 -1 2.3401956728
3000 0.2 -1 2.26921766754
3000 0.25 -1 2.10873703307
3000 0.3 -1 1.96846937713
3000 10.0 -1 3.39475212839
3000 100.0 -1 3.0325159577
350 0.0 -1 1.79088161484
350 0.01 -1 0.922326502545
350 0.02 -1 0.947238219272
350 0.03 -1 0.971168045386
350 0.04 -1 0.994243817729
350 0.05 -1 1.01665645669
350 0.06 -1 1.03853924924
350 0.07 -1 1.05998143706
350 0.08 -1 1.0810373991
350 0.09 -1 1.10174196888
350 0.1 -1 1.12213016961
350 0.12 -1 1.16205392381
350 0.14 -1 1.20097469973
350 0.15 -1 1.2200973505
350 0.16 -1 1.2390114591
350 0.18 -1 1.27626275601
350 0.2 -1 1.31280315616
350 0.25 -1 1.40138910852
350 0.3 -1 1.48649635134
350 10.0 -1 0.967809585993
350 100.0 -1 1.46250821046
400 0.0 -1 1.65842082314
400 0.01 -1 0.932535815631
400 0.02 -1 0.945631395369
400 0.03 -1 0.957978940474
400 0.04 -1 0.969757664507
400 0.05 -1 0.981264378648
400 0.06 -1 0.992641382559
400 0.07 -1 1.00395368158
400 0.08 -1 1.01522422713
400 0.09 -1 1.02646176066
400 0.1 -1 1.03767157919
400 0.12 -1 1.05999345351
400 0.14 -1 1.08217223476
400 0.15 -1 1.0932011594
400 0.16 -1 1.10418553651
400 0.18 -1 1.12601584009
400 0.2 -1 1.14765031461
400 0.25 -1 1.20082396135
400 0.3 -1 1.25265354792
400 10.0 -1 0.951897853121
400 100.0 -1 1.20082396135
4000 0.0 -1 4.49427531466
4000 0.01 -1 3.09856346782
4000 0.02 -1 3.05789550554
4000 0.03 -1 3.00222942521
4000 0.04 -1 2.94389004003
4000 0.05 -1 2.88619731556
4000 0.06 -1 2.83031471198
4000 0.07 -1 2.77660264198
4000 0.08 -1 2.72510591222
4000 0.09 -1 2.67575065308
4000 0.1 -1 2.62841987428
4000 0.12 -1 2.53935571403
4000 0.14 -1 2.45698940665
4000 0.15 -1 2.41806291699
4000 0.16 -1 2.38051865433
4000 0.18 -1 2.309256032
4000 0.2 -1 2.2426147085
4000 0.25 -1 2.09308611644
4000 0.3 -1 1.96332137518
4000 10.0 -1 3.15634202583
4000 100.0 -1 3.03077092809
450 0.0 -1 1.58749190511
450 0.01 -1 0.953263338502
450 0.02 -1 0.956133574038
450 0.03 -1 0.9613521891
450 0.04 -1 0.967287113192
450 0.05 -1 0.973490591723
450 0.06 -1 0.979822659792
450 0.07 -1 0.986227145605
450 0.08 -1 0.992678466274
450 0.09 -1 0.999162864683
450 0.1 -1 1.00566983115
450 0.12 -1 1.01872883314
450 0.14 -1 1.03181839902
450 0.15 -1 1.03836868778
450 0.16 -1 1.04492093297
450 0.18 -1 1.0580230734
450 0.2 -1 1.07111934232
450 0.25 -1 1.10378539879
450 0.3 -1 1.13628146431
450 10.0 -1 0.957184781162
450 100.0 -1 1.08565341852
500 0.0 -1 1.41816554751
500 0.01 -1 0.949641655562
500 0.02 -1 0.954664452855
500 0.03 -1 0.959639557543
500 0.04 -1 0.964322339439
500 0.05 -1 0.968874043855
500 0.06 -1 0.973413297338
500 0.07 -1 0.97798242679
500 0.08 -1 0.982586903158
500 0.09 -1 0.987221011121
500 0.1 -1 0.991874196045
500 0.12 -1 1.00121499949
500 0.14 -1 1.01057176175
500 0.15 -1 1.01524729429
500 0.16 -1 1.0199210357
500 0.18 -1 1.0292551241
500 0.2 -1 1.03857262311
500 0.25 -1 1.06178965566
500 0.3 -1 1.08490555773
500 10.0 -1 0.954664452855
500 100.0 -1 1.03857262311
5000 0.0 -1 1.14767443719
5000 0.01 -1 2.46084088114
5000 0.02 -1 2.40240261784
5000 0.03 -1 2.35249853966
5000 0.04 -1 2.30629225715
5000 0.05 -1 2.26288438242
5000 0.06 -1 2.22208041958
5000 0.07 -1 2.18374089002
5000 0.08 -1 2.14770745939
5000 0.09 -1 2.11381094779
5000 0.1 -1 2.08187570741
5000 0.12 -1 2.02323216899
5000 0.14 -1 1.97056401957
5000 0.15 -1 1.94614811859
5000 0.16 -1 1.922860992
5000 0.18 -1 1.87929177249
5000 0.2 -1 1.83917587864
5000 0.25 -1 1.75060095135
5000 0.3 -1 1.67417346784
5000 10.0 -1 1.89869903695
5000 100.0 -1 2.40240261784
550 0.0 -1 2.34997344847
550 0.01 -1 0.957247254692
550 0.02 -1 0.95842344645
550 0.03 -1 0.961678711013
550 0.04 -1 0.965258919381
550 0.05 -1 0.968812346565
550 0.06 -1 0.972281466884
550 0.07 -1 0.975671437731
550 0.08 -1 0.978999596492
550 0.09 -1 0.982282398014
550 0.1 -1 0.985535451232
550 0.12 -1 0.991999477757
550 0.14 -1 0.998458497399
550 0.15 -1 1.00169903048
550 0.16 -1 1.0049488892
550 0.18 -1 1.01149107775
550 0.2 -1 1.01809377012
550 0.25 -1 1.0348494722
550 0.3 -1 1.05190670125
550 10.0 -1 0.9579503814
550 100.0 -1 1.01208966358
600 0.0 -1 2.1684947384
600 0.01 -1 0.965952288827
600 0.02 -1 0.969027177332
600 0.03 -1 0.971156384297
600 0.04 -1 0.973019316142
600 0.05 -1 0.974769385766
600 0.06 -1 0.976495287895
600 0.07 -1 0.978255387323
600 0.08 -1 0.980072499397
600 0.09 -1 0.981959748329
600 0.1 -1 0.983915681158
600 0.12 -1 0.988028678888
600 0.14 -1 0.992373942908
600 0.15 -1 0.994621764485
600 0.16 -1 0.99691239729
600 0.18 -1 1.00160925708
600 0.2 -1 1.00643541509
600 0.25 -1 1.01894417493
600 0.3 -1 1.03190755445
600 10.0 -1 0.968189269625
600 100.0 -1 0.9984622645
650 0.0 -1 1.96104901451
650 0.01 -1 0.961914395598
650 0.02 -1 0.965378318261
650 0.03 -1 0.967710916567
650 0.04 -1 0.969731348578
650 0.05 -1 0.971536828038
650 0.06 -1 0.973239956813
650 0.07 -1 0.974912897735
650 0.08 -1 0.976602505614
650 0.09 -1 0.978325344453
650 0.1 -1 0.980087510999
650 0.12 -1 0.983732121154
650 0.14 -1 0.987516529552
650 0.15 -1 0.989450770472
650 0.16 -1 0.991412476846
650 0.18 -1 0.995398926369
650 0.2 -1 0.999458047185
650 0.25 -1 1.00984634482
650 0.3 -1 1.02047095026
650 10.0 -1 0.964123668197
650 100.0 -1 0.990202787175
700 0.0 -1 1.87607970992
700 0.01 -1 0.970338630717
700 0.02 -1 0.971569410432
700 0.03 -1 0.973252880134
700 0.04 -1 0.974594034678
700 0.05 -1 0.975659423813
700 0.06 -1 0.976630906814
700 0.07 -1 0.97761308321
700 0.08 -1 0.978651669413
700 0.09 -1 0.979758594101
700 0.1 -1 0.980931928449
700 0.12 -1 0.98344899414
700 0.14 -1 0.986145826177
700 0.15 -1 0.987547244188
700 0.16 -1 0.988977803662
700 0.18 -1 0.991910654604
700 0.2 -1 0.994924169932
700 0.25 -1 1.00270965217
700 0.3 -1 1.01073913948
700 10.0 -1 0.970739532343
700 100.0 -1 0.986543523029
750 0.0 -1 1.9457959603
750 0.01 -1 1.00735567242
750 0.02 -1 0.998758989144
750 0.03 -1 0.9949018289
750 0.04 -1 0.992728642173
750 0.05 -1 0.991347258706
750 0.06 -1 0.990440429146
750 0.07 -1 0.989869358824
750 0.08 -1 0.989557318027
750 0.09 -1 0.989451385042
750 0.1 -1 0.98951071561
750 0.12 -1 0.990010228842
750 0.14 -1 0.990876889607
750 0.15 -1 0.991411099711
750 0.16 -1 0.991999348877
750 0.18 -1 0.993308362911
750 0.2 -1 0.994757706877
750 0.25 -1 0.998820187012
750 0.3 -1 1.00331970524
750 10.0 -1 1.003536585
750 100.0 -1 0.99055497839
800 0.0 -1 1.84601846769
800 0.01 -1 1.0044699296
800 0.02 -1 0.999955023162
800 0.03 -1 0.996912736664
800 0.04 -1 0.994969078613
800 0.05 -1 0.993752843363
800 0.06 -1 0.992996960627
800 0.07 -1 0.992538835704
800 0.08 -1 0.99227979459
800 0.09 -1 0.992163305062
800 0.1 -1 0.992151992229
800 0.12 -1 0.992360069243
800 0.14 -1 0.992793201507
800 0.15 -1 0.993075177978
800 0.16 -1 0.993393325947
800 0.18 -1 0.994126565392
800 0.2 -1 0.994969132239
800 0.25 -1 0.997452903087
800 0.3 -1 1.00033460154
800 10.0 -1 1.00315934532
800 100.0 -1 0.992450609448
900 0.0 -1 1.66761528138
900 0.01 -1 1.02646272731
900 0.02 -1 1.02189044646
900 0.03 -1 1.01784663432
900 0.04 -1 1.01512101505
900 0.05 -1 1.01316610549
900 0.06 -1 1.01164917779
900 0.07 -1 1.01040369953
900 0.08 -1 1.00934704097
900 0.09 -1 1.00843189236
900 0.1 -1 1.00763050746
900 0.12 -1 1.00629317877
900 0.14 -1 1.00522285304
900 0.15 -1 1.00476450257
900 0.16 -1 1.00434715439
900 0.18 -1 1.00361630415
900 0.2 -1 1.00299450014
900 0.25 -1 1.001768282
900 0.3 -1 1.00083997152
900 10.0 -1 1.02614954604
900 100.0 -1 1.00684959809
