1000 0.0 -1 1.83748028913
1000 0.01 -1 1.21626293183
1000 0.02 -1 1.21847176013
1000 0.03 -1 1.21655531728
1000 0.04 -1 1.21335079368
1000 0.05 -1 1.20958457211
1000 0.06 -1 1.20548752289
1000 0.07 -1 1.20114185071
1000 0.08 -1 1.19658844364
1000 0.09 -1 1.19185050217
1000 0.1 -1 1.18694821867
1000 0.12 -1 1.17671330284
1000 0.14 -1 1.16599355474
1000 0.15 -1 1.16048160653
1000 0.16 -1 1.15488143498
1000 0.18 -1 1.14345171551
1000 0.2 -1 1.1317676315
1000 0.25 -1 1.10176578967
1000 0.3 -1 1.07112712195
1000 10.0 -1 1.21626293183
1000 100.0 -1 1.18694821867
1500 0.0 -1 2.43007827482
1500 0.01 -1 1.31513794399
1500 0.02 -1 1.3119480209
1500 0.03 -1 1.31084018837
1500 0.04 -1 1.30984739609
1500 0.05 -1 1.30851607593
1500 0.06 -1 1.30680588786
1500 0.07 -1 1.30475590509
1500 0.08 -1 1.30240975645
1500 0.09 -1 1.29980093846
1500 0.1 -1 1.29695775605
1500 0.12 -1 1.29064515181
1500 0.14 -1 1.28359720191
1500 0.15 -1 1.27982695133
1500 0.16 -1 1.2759027685
1500 0.18 -1 1.26763380561
1500 0.2 -1 1.25885153154
1500 0.25 -1 1.23498669276
1500 0.3 -1 1.20894791749
1500 10.0 -1 1.31723750721
1500 100.0 -1 1.30547618213
2000 0.0 -1 2.26075732005
2000 0.01 -1 1.51144057587
2000 0.02 -1 1.50358502919
2000 0.03 -1 1.49778446583
2000 0.04 -1 1.49186406289
2000 0.05 -1 1.48571329051
2000 0.06 -1 1.47950153006
2000 0.07 -1 1.47332683154
2000 0.08 -1 1.46721847782
2000 0.09 -1 1.46117988009
2000 0.1 -1 1.45519066033
2000 0.12 -1 1.44330072413
2000 0.14 -1 1.43143122138
2000 0.15 -1 1.42547735717
2000 0.16 -1 1.41950196102
2000 0.18 -1 1.40746278045
2000 0.2 -1 1.39528598196
2000 0.25 -1 1.36417285359
2000 0.3 -1 1.33213061605
2000 10.0 -1 1.51657818629
2000 100.0 -1 1.48571329051
2500 0.0 -1 0.626898086411
2500 0.01 -1 1.34856798652
2500 0.02 -1 1.33777682893
2500 0.03 -1 1.33331684579
2500 0.04 -1 1.3306901015
2500 0.05 -1 1.32885259122
2500 0.06 -1 1.32743713312
2500 0.07 -1 1.32626630763
2500 0.08 -1 1.3252364866
2500 0.09 -1 1.3242796958
2500 0.1 -1 1.32335099418
2500 0.12 -1 1.32145724478
2500 0.14 -1 1.31936701646
2500 0.15 -1 1.31821293928
2500 0.16 -1 1.31697069063
2500 0.18 -1 1.3141946329
2500 0.2 -1 1.31099127089
2500 0.25 -1 1.30093958515
2500 0.3 -1 1.28788414612
2500 10.0 -1 1.31454617858
2500 100.0 -1 1.3306901015
300 0.0 -1 2.08471564876
300 0.01 -1 0.950782066366
300 0.02 -1 0.979845785484
300 0.03 -1 1.00797253074
300 0.04 -1 1.0351554082
300 0.05 -1 1.06162997694
300 0.06 -1 1.0874699517
300 0.07 -1 1.11273498497
300 0.08 -1 1.13751329829
300 0.09 -1 1.16180184939
300 0.1 -1 1.18563240047
300 0.12 -1 1.23200031199
300 0.14 -1 1.27670687949
300 0.15 -1 1.29845955863
300 0.16 -1 1.31981974678
300 0.18 -1 1.36139453293
300 0.2 -1 1.40147902256
300 0.25 -1 1.49548950745
300 0.3 -1 1.58120277404
300 10.0 -1 1.01712262173
300 100.0 -1 1.63408265583
3000 0.0 -1 2.12277115165
3000 0.01 -1 1.14100889046
3000 0.02 -1 1.14320699301
3000 0.03 -1 1.14455762343
3000 0.04 -1 1.14670365794
3000 0.05 -1 1.14944914731
3000 0.06 -1 1.15254434018
3000 0.07 -1 1.15582335892
3000 0.08 -1 1.15918326864
3000 0.09 -1 1.16256072969
3000 0.1 -1 1.16591329845
3000 0.12 -1 1.17243569292
3000 0.14 -1 1.17859817389
3000 0.15 -1 1.18151253412
3000 0.16 -1 1.1843017794
3000 0.18 -1 1.18947719107
3000 0.2 -1 1.19406990608
3000 0.25 -1 1.20276644731
3000 0.3 -1 1.20724791883
3000 10.0 -1 1.17724205683
3000 100.0 -1 1.14518867199
350 0.0 -1 1.88431510156
350 0.01 -1 0.955302467998
350 0.02 -1 0.969905598773
350 0.03 -1 0.983762748525
350 0.04 -1 0.996815264881
350 0.05 -1 1.00903647759
350 0.06 -1 1.02048548361
350 0.07 -1 1.03122096577
350 0.08 -1 1.04130016403
350 0.09 -1 1.05078261485
350 0.1 -1 1.05972297548
350 0.12 -1 1.076138773
350 0.14 -1 1.09085352449
350 0.15 -1 1.09764602622
350 0.16 -1 1.10410773427
350 0.18 -1 1.11610316354
350 0.2 -1 1.1269939573
350 0.25 -1 1.15020060329
350 0.3 -1 1.16880163707
350 10.0 -1 0.981841099214
350 100.0 -1 1.16388933697
400 0.0 -1 1.90242500552
400 0.01 -1 1.04250461106
400 0.02 -1 1.03428286813
400 0.03 -1 1.02660678378
400 0.04 -1 1.01909824648
400 0.05 -1 1.01174320277
400 0.06 -1 1.00456357936
400 0.07 -1 0.997582325747
400 0.08 -1 0.990807882654
400 0.09 -1 0.984270792861
400 0.1 -1 0.977956322022
400 0.12 -1 0.965996630309
400 0.14 -1 0.954894644996
400 0.15 -1 0.949640616336
400 0.16 -1 0.944573401813
400 0.18 -1 0.934967566594
400 0.2 -1 0.926001921513
400 0.25 -1 0.905973755588
400 0.3 -1 0.888681263193
400 10.0 -1 1.03040905567
400 100.0 -1 0.905973755588
450 0.0 -1 1.81099955442
450 0.01 -1 1.09031848695
450 0.02 -1 1.07784119708
450 0.03 -1 1.06589266952
450 0.04 -1 1.05437388516
450 0.05 -1 1.04317558115
450 0.06 -1 1.03227191341
450 0.07 -1 1.02165502658
450 0.08 -1 1.01132619994
450 0.09 -1 1.00127526767
450 0.1 -1 0.991499851682
450 0.12 -1 0.972755556194
450 0.14 -1 0.955037150309
450 0.15 -1 0.94654314048
450 0.16 -1 0.938284003023
450 0.18 -1 0.922439373999
450 0.2 -1 0.907437501354
450 0.25 -1 0.873275293389
450 0.3 -1 0.84324462476
450 10.0 -1 1.07513314177
450 100.0 -1 0.891696343788
500 0.0 -1 1.71289863583
500 0.01 -1 1.11077892393
500 0.02 -1 1.10032664614
500 0.03 -1 1.08968370714
500 0.04 -1 1.07881692967
500 0.05 -1 1.06799068321
500 0.06 -1 1.05732172548
500 0.07 -1 1.04684970889
500 0.08 -1 1.03658777742
500 0.09 -1 1.0265293447
500 0.1 -1 1.01667661476
500 0.12 -1 0.997558831792
500 0.14 -1 0.979200794196
500 0.15 -1 0.970297937839
500 0.16 -1 0.961574988456
500 0.18 -1 0.944654168845
500 0.2 -1 0.928414155269
500 0.25 -1 0.890606461515
500 0.3 -1 0.856454910465
500 10.0 -1 1.10032664614
500 100.0 -1 0.928414155269
550 0.0 -1 2.85411668333
550 0.01 -1 1.14302195507
550 0.02 -1 1.12873073887
550 0.03 -1 1.11634292437
550 0.04 -1 1.10467640829
550 0.05 -1 1.09347402745
550 0.06 -1 1.08263638755
550 0.07 -1 1.07210251201
550 0.08 -1 1.06182230124
550 0.09 -1 1.05177603577
550 0.1 -1 1.0419249164
550 0.12 -1 1.02278095665
550 0.14 -1 1.00430841452
550 0.15 -1 0.995304237436
550 0.16 -1 0.986451740007
550 0.18 -1 0.969189492277
550 0.2 -1 0.952494894227
550 0.25 -1 0.91315475819
550 0.3 -1 0.877037909725
550 10.0 -1 1.13110104026
550 100.0 -1 0.967647300673
600 0.0 -1 2.58325128156
600 0.01 -1 1.15635730459
600 0.02 -1 1.14649150902
600 0.03 -1 1.13510230403
600 0.04 -1 1.12418094193
600 0.05 -1 1.1137408943
600 0.06 -1 1.10364717143
600 0.07 -1 1.09378657765
600 0.08 -1 1.08410863259
600 0.09 -1 1.07458433964
600 0.1 -1 1.06518647167
600 0.12 -1 1.04676010568
600 0.14 -1 1.02880170669
600 0.15 -1 1.01999797243
600 0.16 -1 1.01130880621
600 0.18 -1 0.994273344018
600 0.2 -1 0.97770347836
600 0.25 -1 0.93826204111
600 0.3 -1 0.901604197377
600 10.0 -1 1.15020859379
600 100.0 -1 1.00557875527
650 0.0 -1 2.48097764614
650 0.01 -1 1.16775197526
650 0.02 -1 1.15896053122
650 0.03 -1 1.1495368498
650 0.04 -1 1.14010320734
650 0.05 -1 1.13080211877
650 0.06 -1 1.12162120332
650 0.07 -1 1.11253595888
650 0.08 -1 1.10354753185
650 0.09 -1 1.09464001524
650 0.1 -1 1.08581134223
650 0.12 -1 1.06839530313
650 0.14 -1 1.05130647093
650 0.15 -1 1.04289020011
650 0.16 -1 1.03455543191
650 0.18 -1 1.01815092535
650 0.2 -1 1.0020970223
650 0.25 -1 0.963528525875
650 0.3 -1 0.927218121339
650 10.0 -1 1.16316118232
650 100.0 -1 1.03967304472
700 0.0 -1 2.40304206188
700 0.01 -1 1.1867687997
700 0.02 -1 1.17673729059
700 0.03 -1 1.16831071932
700 0.04 -1 1.15987255736
700 0.05 -1 1.15128685567
700 0.06 -1 1.14260841893
700 0.07 -1 1.13390470633
700 0.08 -1 1.12520412808
700 0.09 -1 1.11652943425
700 0.1 -1 1.10790004716
700 0.12 -1 1.09082126324
700 0.14 -1 1.07401067602
700 0.15 -1 1.06571744527
700 0.16 -1 1.05749498778
700 0.18 -1 1.04128692204
700 0.2 -1 1.02539291866
700 0.25 -1 0.987043537197
700 0.3 -1 0.950695814606
700 10.0 -1 1.18196439392
700 100.0 -1 1.07163440098
750 0.0 -1 2.28235840014
750 0.01 -1 1.20376323016
750 0.02 -1 1.19010740542
750 0.03 -1 1.1792954279
750 0.04 -1 1.16986317849
750 0.05 -1 1.161161075
750 0.06 -1 1.15286411071
750 0.07 -1 1.14480086193
750 0.08 -1 1.13688083387
750 0.09 -1 1.1290520368
750 0.1 -1 1.12128856498
750 0.12 -1 1.10589658846
750 0.14 -1 1.09065611921
750 0.15 -1 1.08308917466
750 0.16 -1 1.07555543222
750 0.18 -1 1.0605956107
750 0.2 -1 1.04579587683
750 0.25 -1 1.00957363093
750 0.3 -1 0.974626362261
750 10.0 -1 1.19876610717
750 100.0 -1 1.09572176162
800 0.0 -1 2.14904863864
800 0.01 -1 1.20187159208
800 0.02 -1 1.19612238186
800 0.03 -1 1.18909014398
800 0.04 -1 1.18187276949
800 0.05 -1 1.17459944133
800 0.06 -1 1.16730431421
800 0.07 -1 1.15999302618
800 0.08 -1 1.15267800473
800 0.09 -1 1.14536893138
800 0.1 -1 1.13806274011
800 0.12 -1 1.1234741798
800 0.14 -1 1.10893247375
800 0.15 -1 1.1016822191
800 0.16 -1 1.0944503213
800 0.18 -1 1.0800463922
800 0.2 -1 1.06574231772
800 0.25 -1 1.03051845016
800 0.3 -1 0.996259527229
800 10.0 -1 1.20074423937
800 100.0 -1 1.11983407736
900 0.0 -1 2.12348641661
900 0.01 -1 1.2323299217
900 0.02 -1 1.21817638019
900 0.03 -1 1.20957141142
900 0.04 -1 1.20242569167
900 0.05 -1 1.19579984183
900 0.06 -1 1.18939206563
900 0.07 -1 1.18307770789
900 0.08 -1 1.17680288876
900 0.09 -1 1.17053050266
900 0.1 -1 1.16424946817
900 0.12 -1 1.15162413584
900 0.14 -1 1.13890611816
900 0.15 -1 1.13251115795
900 0.16 -1 1.126097294
900 0.18 -1 1.11321798203
900 0.2 -1 1.10028805422
900 0.25 -1 1.06788622246
900 0.3 -1 1.03564819315
900 10.0 -1 1.23009663201
900 100.0 -1 1.15724690948
4000 0.0 -1 0.969869359094
4000 0.01 -1 0.585565104232
4000 0.02 -1 0.597551154054
4000 0.03 -1 0.610079925433
4000 0.04 -1 0.622842242235
4000 0.05 -1 0.635818200194
4000 0.06 -1 0.648964588215
4000 0.07 -1 0.662224502494
4000 0.08 -1 0.675541850071
4000 0.09 -1 0.688866224936
4000 0.1 -1 0.702154795424
4000 0.12 -1 0.728485347269
4000 0.14 -1 0.754302072512
4000 0.15 -1 0.766962001955
4000 0.16 -1 0.779431956668
4000 0.18 -1 0.803742420456
4000 0.2 -1 0.827130085273
4000 0.25 -1 0.881079174159
4000 0.3 -1 0.928011393568
4000 10.0 -1 0.626111011307
4000 100.0 -1 0.60378566069
5000 0.0 -1 0.0892489430763
5000 0.01 -1 0.203931737921
5000 0.02 -1 0.221212857053
5000 0.03 -1 0.240471619604
5000 0.04 -1 0.260309016749
5000 0.05 -1 0.280308787127
5000 0.06 -1 0.30030906931
5000 0.07 -1 0.320236746663
5000 0.08 -1 0.340051931347
5000 0.09 -1 0.359727715295
5000 0.1 -1 0.379243181704
5000 0.12 -1 0.417721582279
5000 0.14 -1 0.455358256603
5000 0.15 -1 0.473825294746
5000 0.16 -1 0.492041109261
5000 0.18 -1 0.527672457881
5000 0.2 -1 0.56216825778
5000 0.25 -1 0.643007207675
5000 0.3 -1 0.715566160872
5000 10.0 -1 0.148034822394
5000 100.0 -1 0.221212857053
115 0.0 -1 0.316739002324
115 0.01 -1 1.02672901988
115 0.02 -1 1.03710540727
115 0.03 -1 0.980660758544
115 0.04 -1 0.910664893419
115 0.05 -1 0.842099350103
115 0.06 -1 0.779683885495
115 0.07 -1 0.724278342827
115 0.08 -1 0.675402429527
115 0.09 -1 0.632216043209
115 0.1 -1 0.593849370975
115 0.12 -1 0.528743304088
115 0.14 -1 0.47563829596
115 0.15 -1 0.452605517111
115 0.16 -1 0.431522039258
115 0.18 -1 0.394360135353
115 0.2 -1 0.362674677393
115 0.25 -1 0.30098634702
115 0.3 -1 0.256428354114
115 10.0 -1 0.644811367741
115 100.0 -1 0.093018362429
120 0.0 -1 0.352712231324
120 0.01 -1 1.16031443859
120 0.02 -1 1.27681107485
120 0.03 -1 1.36170351703
120 0.04 -1 1.44979069923
120 0.05 -1 1.54302963932
120 0.06 -1 1.64031986612
120 0.07 -1 1.74035079681
120 0.08 -1 1.84205065496
120 0.09 -1 1.94451372163
120 0.1 -1 2.04705745959
120 0.12 -1 2.25018784133
120 0.14 -1 2.44803987814
120 0.15 -1 2.544258098
120 0.16 -1 2.63836383297
120 0.18 -1 2.81953595847
120 0.2 -1 2.99043734925
120 0.25 -1 3.36807477352
120 0.3 -1 3.67103801045
120 10.0 -1 1.87616011613
120 100.0 -1 3.89700776571
124 0.0 -1 0.309066948841
124 0.01 -1 0.879807111113
124 0.02 -1 0.886937424038
124 0.03 -1 0.861126572424
124 0.04 -1 0.826632570156
124 0.05 -1 0.788758135021
124 0.06 -1 0.749686821687
124 0.07 -1 0.710795238146
124 0.08 -1 0.673021990526
124 0.09 -1 0.636933068766
124 0.1 -1 0.602905132754
124 0.12 -1 0.541463001496
124 0.14 -1 0.488659743532
124 0.15 -1 0.465210462173
124 0.16 -1 0.443555945569
124 0.18 -1 0.405023802979
124 0.2 -1 0.371971395864
124 0.25 -1 0.307504753613
124 0.3 -1 0.261124864521
124 10.0 -1 0.670638896138
124 100.0 -1 0.10101995138
125 0.0 -1 0.356378333837
125 0.01 -1 1.03412667029
125 0.02 -1 1.09396165943
125 0.03 -1 1.15322409063
125 0.04 -1 1.22259555377
125 0.05 -1 1.29469409776
125 0.06 -1 1.36450119517
125 0.07 -1 1.42983423465
125 0.08 -1 1.49034443049
125 0.09 -1 1.5463955968
125 0.1 -1 1.59861394942
125 0.12 -1 1.6940872553
125 0.14 -1 1.78070722012
125 0.15 -1 1.82141925875
125 0.16 -1 1.86060405275
125 0.18 -1 1.93469316087
125 0.2 -1 2.00317969055
125 0.25 -1 2.14918664351
125 0.3 -1 2.25784488063
125 10.0 -1 1.49034443049
125 100.0 -1 2.08480604341
126 0.0 -1 0.376118210542
126 0.01 -1 1.12590566757
126 0.02 -1 1.18824828556
126 0.03 -1 1.25989342405
126 0.04 -1 1.35202472636
126 0.05 -1 1.45567710105
126 0.06 -1 1.5648748785
126 0.07 -1 1.67648155131
126 0.08 -1 1.78893919184
126 0.09 -1 1.90134132915
126 0.1 -1 2.01319596973
126 0.12 -1 2.23378044378
126 0.14 -1 2.44828757907
126 0.15 -1 2.55263727402
126 0.16 -1 2.65476087936
126 0.18 -1 2.85163026345
126 0.2 -1 3.03766159706
126 0.25 -1 3.45068425347
126 0.3 -1 3.78658175037
126 10.0 -1 1.78179745103
126 100.0 -1 4.3906940455
130 0.0 -1 0.211564446875
130 0.01 -1 1.00680658767
130 0.02 -1 1.20305257128
130 0.03 -1 1.28933336636
130 0.04 -1 1.34763989534
130 0.05 -1 1.39777172425
130 0.06 -1 1.44667021912
130 0.07 -1 1.49634765008
130 0.08 -1 1.54672085198
130 0.09 -1 1.59703905859
130 0.1 -1 1.64634314552
130 0.12 -1 1.73866152781
130 0.14 -1 1.81880729108
130 0.15 -1 1.85348263975
130 0.16 -1 1.8843795926
130 0.18 -1 1.93483945672
130 0.2 -1 1.97079630452
130 0.25 -1 2.00623359152
130 0.3 -1 1.98404382345
130 10.0 -1 1.53119391682
130 100.0 -1 1.27257807033
135 0.0 -1 0.229490758122
135 0.01 -1 1.03975829937
135 0.02 -1 1.28680753431
135 0.03 -1 1.44712874326
135 0.04 -1 1.57211432681
135 0.05 -1 1.67170335273
135 0.06 -1 1.75105275569
135 0.07 -1 1.81389713237
135 0.08 -1 1.86309349153
135 0.09 -1 1.90102804217
135 0.1 -1 1.92961963547
135 0.12 -1 1.96497201491
135 0.14 -1 1.97911204375
135 0.15 -1 1.98046294634
135 0.16 -1 1.97890094167
135 0.18 -1 1.96905089659
135 0.2 -1 1.9527084403
135 0.25 -1 1.89559036251
135 0.3 -1 1.82712456894
135 10.0 -1 1.83543510457
135 100.0 -1 1.23277315335
140 0.0 -1 0.226266955634
140 0.01 -1 0.888475454722
140 0.02 -1 1.04362958276
140 0.03 -1 1.15554301106
140 0.04 -1 1.25559936225
140 0.05 -1 1.34229027307
140 0.06 -1 1.41509544171
140 0.07 -1 1.47514104893
140 0.08 -1 1.52416340435
140 0.09 -1 1.56394143346
140 0.1 -1 1.59604104009
140 0.12 -1 1.64219821891
140 0.14 -1 1.67043953655
140 0.15 -1 1.6795085415
140 0.16 -1 1.68585671019
140 0.18 -1 1.6918520199
140 0.2 -1 1.69079512114
140 0.25 -1 1.66747047205
140 0.3 -1 1.62671495587
140 10.0 -1 1.48276702194
140 100.0 -1 1.1968435083
145 0.0 -1 0.264028881327
145 0.01 -1 0.947302459386
145 0.02 -1 1.10190601205
145 0.03 -1 1.20872081693
145 0.04 -1 1.30547134421
145 0.05 -1 1.39641412525
145 0.06 -1 1.48227154407
145 0.07 -1 1.56313437973
145 0.08 -1 1.63901858213
145 0.09 -1 1.71005765777
145 0.1 -1 1.77645065432
145 0.12 -1 1.89627034797
145 0.14 -1 2.00035391974
145 0.15 -1 2.04702136131
145 0.16 -1 2.09035487911
145 0.18 -1 2.16765089826
145 0.2 -1 2.23339890901
145 0.25 -1 2.35388529965
145 0.3 -1 2.42276028941
145 10.0 -1 1.55499236828
145 100.0 -1 2.20543876823
150 0.0 -1 0.318142981134
150 0.01 -1 1.13348927713
150 0.02 -1 1.46982504857
150 0.03 -1 1.76015924076
150 0.04 -1 2.03882293961
150 0.05 -1 2.30501689062
150 0.06 -1 2.55699827685
150 0.07 -1 2.79399875606
150 0.08 -1 3.01600568296
150 0.09 -1 3.22333688919
150 0.1 -1 3.41656065112
150 0.12 -1 3.76338958666
150 0.14 -1 4.06244953743
150 0.15 -1 4.19600379908
150 0.16 -1 4.31991784723
150 0.18 -1 4.54165718119
150 0.2 -1 4.73293068551
150 0.25 -1 5.10626065286
150 0.3 -1 5.37043234333
150 10.0 -1 2.71666432933
150 100.0 -1 5.96090108664
155 0.0 -1 0.456416804837
155 0.01 -1 1.68357377569
155 0.02 -1 2.50536833984
155 0.03 -1 3.25417590359
155 0.04 -1 3.9664497086
155 0.05 -1 4.64814199353
155 0.06 -1 5.30181299325
155 0.07 -1 5.92912833099
155 0.08 -1 6.53158615491
155 0.09 -1 7.11060540493
155 0.1 -1 7.66765470804
155 0.12 -1 8.72135709595
155 0.14 -1 9.70307423485
155 0.15 -1 10.1698236681
155 0.16 -1 10.621857695
155 0.18 -1 11.4853265711
155 0.2 -1 12.2998516311
155 0.25 -1 14.154393544
155 0.3 -1 15.7944968317
155 10.0 -1 5.58829035529
155 100.0 -1 23.4830087737
160 0.0 -1 0.695994142803
160 0.01 -1 1.49573676967
160 0.02 -1 2.04772504103
160 0.03 -1 2.53380602573
160 0.04 -1 2.99343765677
160 0.05 -1 3.43570350207
160 0.06 -1 3.86512156185
160 0.07 -1 4.28449727245
160 0.08 -1 4.69564935232
160 0.09 -1 5.09974983773
160 0.1 -1 5.49768073073
160 0.12 -1 6.277526272
160 0.14 -1 7.03891902978
160 0.15 -1 7.41352896249
160 0.16 -1 7.78440502386
160 0.18 -1 8.51579329063
160 0.2 -1 9.23448408818
160 0.25 -1 10.9824311654
160 0.3 -1 12.6702681093
160 10.0 -1 3.97083425807
160 100.0 -1 22.612451873
165 0.0 -1 1.23589809752
165 0.01 -1 1.04773045694
165 0.02 -1 1.15606865079
165 0.03 -1 1.25400073972
165 0.04 -1 1.35352918418
165 0.05 -1 1.45414451943
165 0.06 -1 1.55511346927
165 0.07 -1 1.65587957061
165 0.08 -1 1.75614819323
165 0.09 -1 1.8556866465
165 0.1 -1 1.9544202641
165 0.12 -1 2.14917340795
165 0.14 -1 2.34018335411
165 0.15 -1 2.43428458763
165 0.16 -1 2.52746136619
165 0.18 -1 2.71105977374
165 0.2 -1 2.89109409913
165 0.25 -1 3.326239701
165 0.3 -1 3.74145235217
165 10.0 -1 1.56122938571
165 100.0 -1 5.94788981873
170 0.0 -1 1.49067543667
170 0.01 -1 1.02617569328
170 0.02 -1 1.07582832112
170 0.03 -1 1.12113072259
170 0.04 -1 1.16997548681
170 0.05 -1 1.22161201803
170 0.06 -1 1.27514620233
170 0.07 -1 1.32989556454
170 0.08 -1 1.38541820303
170 0.09 -1 1.44138268579
170 0.1 -1 1.49758315449
170 0.12 -1 1.61010806616
170 0.14 -1 1.72219943701
170 0.15 -1 1.7779414577
170 0.16 -1 1.83343549582
170 0.18 -1 1.94355588206
170 0.2 -1 2.05241777107
170 0.25 -1 2.31858572569
170 0.3 -1 2.57595528416
170 10.0 -1 1.26877367325
170 100.0 -1 3.90719049124
175 0.0 -1 1.5885397609
175 0.01 -1 1.03679106859
175 0.02 -1 1.08320993948
175 0.03 -1 1.12616566874
175 0.04 -1 1.1702517998
175 0.05 -1 1.21501259201
175 0.06 -1 1.26019055159
175 0.07 -1 1.30569266565
175 0.08 -1 1.35147731204
175 0.09 -1 1.39752044397
175 0.1 -1 1.44379165508
175 0.12 -1 1.5368177139
175 0.14 -1 1.63022336461
175 0.15 -1 1.67696674071
175 0.16 -1 1.72369562506
175 0.18 -1 1.81699339199
175 0.2 -1 1.9099237092
175 0.25 -1 2.13977164918
175 0.3 -1 2.36514472928
175 10.0 -1 1.24725096053
175 100.0 -1 3.49766442494
180 0.0 -1 1.63885491593
180 0.01 -1 1.02094870034
180 0.02 -1 1.0643598083
180 0.03 -1 1.10276983959
180 0.04 -1 1.14133415437
180 0.05 -1 1.18055158498
180 0.06 -1 1.22047425231
180 0.07 -1 1.26101008203
180 0.08 -1 1.30203692973
180 0.09 -1 1.34340629359
180 0.1 -1 1.38500445499
180 0.12 -1 1.46851701972
180 0.14 -1 1.55199929926
180 0.15 -1 1.59361843961
180 0.16 -1 1.6351175161
180 0.18 -1 1.71767465473
180 0.2 -1 1.79954938519
180 0.25 -1 2.00084607604
180 0.3 -1 2.19697686078
180 10.0 -1 1.20264897446
180 100.0 -1 3.11884749026
190 0.0 -1 1.6923231837
190 0.01 -1 1.01393551266
190 0.02 -1 1.05658415646
190 0.03 -1 1.09457736519
190 0.04 -1 1.13125717998
190 0.05 -1 1.16722757821
190 0.06 -1 1.20273269984
190 0.07 -1 1.23791253185
190 0.08 -1 1.27283114722
190 0.09 -1 1.30752565756
190 0.1 -1 1.34202025204
190 0.12 -1 1.41043877186
190 0.14 -1 1.47809505276
190 0.15 -1 1.51163708336
190 0.16 -1 1.54498690012
190 0.18 -1 1.61110380956
190 0.2 -1 1.67643155906
190 0.25 -1 1.8362623476
190 0.3 -1 1.99110783355
190 10.0 -1 1.17661193922
190 100.0 -1 2.63264318428
200 0.0 -1 1.69792445816
200 0.01 -1 0.999122024073
200 0.02 -1 1.02998962395
200 0.03 -1 1.05909589639
200 0.04 -1 1.08808868046
200 0.05 -1 1.11710126911
200 0.06 -1 1.14610646015
200 0.07 -1 1.17504312665
200 0.08 -1 1.2038743204
200 0.09 -1 1.23257994541
200 0.1 -1 1.26114225155
200 0.12 -1 1.31785782898
200 0.14 -1 1.37404960379
200 0.15 -1 1.40196532577
200 0.16 -1 1.42976376397
200 0.18 -1 1.48503084795
200 0.2 -1 1.53986552969
200 0.25 -1 1.67502943784
200 0.3 -1 1.80729253837
200 10.0 -1 1.11710126911
200 100.0 -1 2.30415165366
210 0.0 -1 1.58229349733
210 0.01 -1 0.977233670438
210 0.02 -1 1.01405322094
210 0.03 -1 1.0457550858
210 0.04 -1 1.07620598435
210 0.05 -1 1.10621468796
210 0.06 -1 1.13594649992
210 0.07 -1 1.16544743825
210 0.08 -1 1.19468490641
210 0.09 -1 1.22364623052
210 0.1 -1 1.25231392193
210 0.12 -1 1.308736157
210 0.14 -1 1.36392397688
210 0.15 -1 1.39106229768
210 0.16 -1 1.41790494341
210 0.18 -1 1.47074624511
210 0.2 -1 1.52251262862
210 0.25 -1 1.64771366444
210 0.3 -1 1.76760210237
210 10.0 -1 1.09909483051
210 100.0 -1 2.15536626883
230 0.0 -1 1.46975267308
230 0.01 -1 0.945079467867
230 0.02 -1 0.968579753802
230 0.03 -1 0.98808759443
230 0.04 -1 1.00625740911
230 0.05 -1 1.02386458198
230 0.06 -1 1.0412415026
230 0.07 -1 1.05855302706
230 0.08 -1 1.0758821756
230 0.09 -1 1.0932697537
230 0.1 -1 1.11072463928
230 0.12 -1 1.14582762409
230 0.14 -1 1.18109260779
230 0.15 -1 1.19874689471
230 0.16 -1 1.21639028205
230 0.18 -1 1.25159543722
230 0.2 -1 1.28660347752
230 0.25 -1 1.3727788302
230 0.3 -1 1.45643469944
230 10.0 -1 1.01242315132
230 100.0 -1 1.66691852131
250 0.0 -1 1.38293904216
250 0.01 -1 0.936305804824
250 0.02 -1 0.960912144635
250 0.03 -1 0.982404114128
250 0.04 -1 1.00279636502
250 0.05 -1 1.02258063943
250 0.06 -1 1.04191728347
250 0.07 -1 1.06088058542
250 0.08 -1 1.07950513271
250 0.09 -1 1.09782581278
250 0.1 -1 1.11586365613
250 0.12 -1 1.15118499369
250 0.14 -1 1.1856135145
250 0.15 -1 1.20252182618
250 0.16 -1 1.21923696845
250 0.18 -1 1.25211094333
250 0.2 -1 1.28427049625
250 0.25 -1 1.36166911896
250 0.3 -1 1.43493860069
250 10.0 -1 1.00279636502
250 100.0 -1 1.56968306049
270 0.0 -1 2.27741981499
270 0.01 -1 0.937239846716
270 0.02 -1 0.953071634828
270 0.03 -1 0.969567427383
270 0.04 -1 0.986221764262
270 0.05 -1 1.00296570906
270 0.06 -1 1.01974386926
270 0.07 -1 1.03648987808
270 0.08 -1 1.05313835563
270 0.09 -1 1.06963803755
270 0.1 -1 1.08595813265
270 0.12 -1 1.11797218701
270 0.14 -1 1.14909004802
270 0.15 -1 1.16431095788
270 0.16 -1 1.17930269896
270 0.18 -1 1.2086216402
270 0.2 -1 1.23706350336
270 0.25 -1 1.30448517053
270 0.3 -1 1.36688551257
270 10.0 -1 0.981273955936
270 100.0 -1 1.44675231877
