1000 0.0 -1 1.58150724608
1000 0.01 -1 1.05328704739
1000 0.02 -1 1.04889950872
1000 0.03 -1 1.04515393342
1000 0.04 -1 1.04224002009
1000 0.05 -1 1.03993578148
1000 0.06 -1 1.03805519102
1000 0.07 -1 1.03645563146
1000 0.08 -1 1.03503906481
1000 0.09 -1 1.03373913926
1000 0.1 -1 1.03251253476
1000 0.12 -1 1.03018707378
1000 0.14 -1 1.02794977432
1000 0.15 -1 1.02684986307
1000 0.16 -1 1.02576057576
1000 0.18 -1 1.02360381295
1000 0.2 -1 1.02147635272
1000 0.25 -1 1.01626807998
1000 0.3 -1 1.01121248642
1000 10.0 -1 1.05328704739
1000 100.0 -1 1.03251253476
115 0.0 -1 0.321256037187
115 0.01 -1 0.966528471434
115 0.02 -1 0.916059694724
115 0.03 -1 0.832044581689
115 0.04 -1 0.749682679538
115 0.05 -1 0.674854792373
115 0.06 -1 0.609080867098
115 0.07 -1 0.552162615392
115 0.08 -1 0.503109065244
115 0.09 -1 0.46085779137
115 0.1 -1 0.424343534612
115 0.12 -1 0.364916816596
115 0.14 -1 0.319165617598
115 0.15 -1 0.300111400483
115 0.16 -1 0.28309874705
115 0.18 -1 0.254065715633
115 0.2 -1 0.230258929399
115 0.25 -1 0.186232082306
115 0.3 -1 0.156135577444
115 10.0 -1 0.473061744459
115 100.0 -1 0.0545373834514
120 0.0 -1 0.321425676596
120 0.01 -1 0.86268936765
120 0.02 -1 0.760133356894
120 0.03 -1 0.658535395784
120 0.04 -1 0.574933936342
120 0.05 -1 0.506753044383
120 0.06 -1 0.450748376812
120 0.07 -1 0.404391898091
120 0.08 -1 0.365687484912
120 0.09 -1 0.333091936439
120 0.1 -1 0.305386951849
120 0.12 -1 0.26107589767
120 0.14 -1 0.227477093657
120 0.15 -1 0.213594498076
120 0.16 -1 0.201251137722
120 0.18 -1 0.180286192545
120 0.2 -1 0.163179563994
120 0.25 -1 0.131706920313
120 0.3 -1 0.110296487814
120 10.0 -1 0.354210335516
120 100.0 -1 0.0401018695992
124 0.0 -1 0.333488099175
124 0.01 -1 0.877223027282
124 0.02 -1 0.818230802309
124 0.03 -1 0.752885534164
124 0.04 -1 0.690343273636
124 0.05 -1 0.631906416333
124 0.06 -1 0.578609975419
124 0.07 -1 0.530762249479
124 0.08 -1 0.488253278743
124 0.09 -1 0.450745752473
124 0.1 -1 0.417656702082
124 0.12 -1 0.362607800409
124 0.14 -1 0.319193640633
124 0.15 -1 0.300875836709
124 0.16 -1 0.284410156856
124 0.18 -1 0.256085387358
124 0.2 -1 0.232659528297
124 0.25 -1 0.188917530885
124 0.3 -1 0.15874151525
124 10.0 -1 0.485689656358
124 100.0 -1 0.060045369516
125 0.0 -1 0.329957954492
125 0.01 -1 0.878948259057
125 0.02 -1 0.802265894341
125 0.03 -1 0.716658913567
125 0.04 -1 0.641477014837
125 0.05 -1 0.576357700491
125 0.06 -1 0.520376224629
125 0.07 -1 0.472326030368
125 0.08 -1 0.430774236689
125 0.09 -1 0.395254292688
125 0.1 -1 0.364500874097
125 0.12 -1 0.314321339791
125 0.14 -1 0.275458471114
125 0.15 -1 0.259222283359
125 0.16 -1 0.244700190767
125 0.18 -1 0.219856589941
125 0.2 -1 0.19943073078
125 0.25 -1 0.16153312627
125 0.3 -1 0.135543581201
125 10.0 -1 0.430774236689
125 100.0 -1 0.0515379778128
126 0.0 -1 0.305150360661
126 0.01 -1 0.805673037425
126 0.02 -1 0.747179270097
126 0.03 -1 0.66599501398
126 0.04 -1 0.589936534648
126 0.05 -1 0.52419151096
126 0.06 -1 0.468604132317
126 0.07 -1 0.421776945627
126 0.08 -1 0.382313215186
126 0.09 -1 0.348841682659
126 0.1 -1 0.320222384611
126 0.12 -1 0.274278974132
126 0.14 -1 0.239258739889
126 0.15 -1 0.224756200825
126 0.16 -1 0.2118398041
126 0.18 -1 0.189877463002
126 0.2 -1 0.171930571365
126 0.25 -1 0.13885918372
126 0.3 -1 0.116326622104
126 10.0 -1 0.384627648279
126 100.0 -1 0.0444347241536
130 0.0 -1 0.185512763403
130 0.01 -1 0.736922631294
130 0.02 -1 0.710184959156
130 0.03 -1 0.638924331413
130 0.04 -1 0.576534648268
130 0.05 -1 0.523633517181
130 0.06 -1 0.478029158176
130 0.07 -1 0.4383925506
130 0.08 -1 0.403717747948
130 0.09 -1 0.373259310558
130 0.1 -1 0.346440398213
130 0.12 -1 0.301698556381
130 0.14 -1 0.266258864932
130 0.15 -1 0.251251871544
130 0.16 -1 0.237730983764
130 0.18 -1 0.214396399162
130 0.2 -1 0.195030278047
130 0.25 -1 0.158698367119
130 0.3 -1 0.13351730638
130 10.0 -1 0.413908179359
130 100.0 -1 0.0530741600249
135 0.0 -1 0.233711044149
135 0.01 -1 0.968294485534
135 0.02 -1 1.02046950142
135 0.03 -1 0.988817675218
135 0.04 -1 0.939112324593
135 0.05 -1 0.884130484038
135 0.06 -1 0.82895200564
135 0.07 -1 0.775787303488
135 0.08 -1 0.725979219491
135 0.09 -1 0.679911510499
135 0.1 -1 0.637739929361
135 0.12 -1 0.564323795057
135 0.14 -1 0.503634590401
135 0.15 -1 0.47732538166
135 0.16 -1 0.453321293195
135 0.18 -1 0.411292406979
135 0.2 -1 0.375850562998
135 0.25 -1 0.308127534981
135 0.3 -1 0.260364594566
135 10.0 -1 0.755063393135
135 100.0 -1 0.108406024032
140 0.0 -1 0.23463569209
140 0.01 -1 0.86395026014
140 0.02 -1 0.890754981595
140 0.03 -1 0.860631643895
140 0.04 -1 0.823592198402
140 0.05 -1 0.786106179581
140 0.06 -1 0.749449125499
140 0.07 -1 0.714085707513
140 0.08 -1 0.680129533459
140 0.09 -1 0.647777396458
140 0.1 -1 0.617036394795
140 0.12 -1 0.560772147146
140 0.14 -1 0.511248358591
140 0.15 -1 0.488877116591
140 0.16 -1 0.467998515952
140 0.18 -1 0.430306941166
140 0.2 -1 0.39741095018
140 0.25 -1 0.331833795748
140 0.3 -1 0.283554733074
140 10.0 -1 0.709139889296
140 100.0 -1 0.125346791726
145 0.0 -1 0.250467704753
145 0.01 -1 0.898374976658
145 0.02 -1 0.978076082208
145 0.03 -1 0.983460031492
145 0.04 -1 0.970420923436
145 0.05 -1 0.949718723537
145 0.06 -1 0.925252275469
145 0.07 -1 0.898762532499
145 0.08 -1 0.871221746098
145 0.09 -1 0.843279734671
145 0.1 -1 0.815344519341
145 0.12 -1 0.760834771132
145 0.14 -1 0.709388405943
145 0.15 -1 0.685059891932
145 0.16 -1 0.661743684163
145 0.18 -1 0.618134773273
145 0.2 -1 0.578511153917
145 0.25 -1 0.495081239354
145 0.3 -1 0.429985144161
145 10.0 -1 0.901570941851
145 100.0 -1 0.204246946883
150 0.0 -1 0.307846742452
150 0.01 -1 1.0110462547
150 0.02 -1 1.17413705714
150 0.03 -1 1.26555692565
150 0.04 -1 1.33796234127
150 0.05 -1 1.39820973033
150 0.06 -1 1.44777740021
150 0.07 -1 1.48703939139
150 0.08 -1 1.51673199416
150 0.09 -1 1.5377148784
150 0.1 -1 1.55095589197
150 0.12 -1 1.55800711208
150 0.14 -1 1.5451220285
150 0.15 -1 1.53313486907
150 0.16 -1 1.51830174957
150 0.18 -1 1.48219481564
150 0.2 -1 1.44022160937
150 0.25 -1 1.32452158107
150 0.3 -1 1.20921052857
150 10.0 -1 1.47505611316
150 100.0 -1 0.671965074771
1500 0.0 -1 2.70844606926
1500 0.01 -1 1.47396649485
1500 0.02 -1 1.47284943638
1500 0.03 -1 1.46640455311
1500 0.04 -1 1.45761731219
1500 0.05 -1 1.44764859779
1500 0.06 -1 1.43710590282
1500 0.07 -1 1.42631194812
1500 0.08 -1 1.41545784241
1500 0.09 -1 1.40464341984
1500 0.1 -1 1.39393378285
1500 0.12 -1 1.37295388376
1500 0.14 -1 1.35265019401
1500 0.15 -1 1.34276223934
1500 0.16 -1 1.3330500384
1500 0.18 -1 1.3141414557
1500 0.2 -1 1.29589770352
1500 0.25 -1 1.25297860359
1500 0.3 -1 1.21350108175
1500 10.0 -1 1.47163857839
1500 100.0 -1 1.42992299433
155 0.0 -1 0.411733831686
155 0.01 -1 1.31151091017
155 0.02 -1 1.63509961466
155 0.03 -1 1.88081755546
155 0.04 -1 2.09570085851
155 0.05 -1 2.28555090497
155 0.06 -1 2.45251577531
155 0.07 -1 2.59831098175
155 0.08 -1 2.72465715782
155 0.09 -1 2.83339164123
155 0.1 -1 2.92625596665
155 0.12 -1 3.07065516473
155 0.14 -1 3.16926990997
155 0.15 -1 3.20440840492
155 0.16 -1 3.23143227902
155 0.18 -1 3.26466599273
155 0.2 -1 3.275036465
155 0.25 -1 3.23045629147
155 0.3 -1 3.12415670822
155 10.0 -1 2.52084366338
155 100.0 -1 2.16864293515
160 0.0 -1 0.686042787555
160 0.01 -1 1.24611209752
160 0.02 -1 1.53253405933
160 0.03 -1 1.7532417948
160 0.04 -1 1.94824176996
160 0.05 -1 2.12516746976
160 0.06 -1 2.28756024523
160 0.07 -1 2.43781117974
160 0.08 -1 2.57759642793
160 0.09 -1 2.70826055902
160 0.1 -1 2.83076260862
160 0.12 -1 3.05451520592
160 0.14 -1 3.25367902315
160 0.15 -1 3.34520267382
160 0.16 -1 3.4318076717
160 0.18 -1 3.59150252574
160 0.2 -1 3.734818908
160 0.25 -1 4.03199839808
160 0.3 -1 4.25734545822
160 10.0 -1 2.3261487345
160 100.0 -1 4.72363675157
165 0.0 -1 1.13175161731
165 0.01 -1 1.22240705273
165 0.02 -1 1.35981392457
165 0.03 -1 1.46415952043
165 0.04 -1 1.56493500674
165 0.05 -1 1.66535902502
165 0.06 -1 1.76569193344
165 0.07 -1 1.86553183642
165 0.08 -1 1.96455466971
165 0.09 -1 2.06241018277
165 0.1 -1 2.15885208191
165 0.12 -1 2.3470113894
165 0.14 -1 2.52841936368
165 0.15 -1 2.61656595094
165 0.16 -1 2.70298823119
165 0.18 -1 2.87079301022
165 0.2 -1 3.03211214449
165 0.25 -1 3.40895126504
165 0.3 -1 3.75178403867
165 10.0 -1 1.77171158203
165 100.0 -1 5.31607711124
170 0.0 -1 1.48548089306
170 0.01 -1 1.07620915016
170 0.02 -1 1.15528779218
170 0.03 -1 1.22792973526
170 0.04 -1 1.30318506984
170 0.05 -1 1.38032783054
170 0.06 -1 1.45850814176
170 0.07 -1 1.53717941285
170 0.08 -1 1.61601344611
170 0.09 -1 1.69468797511
170 0.1 -1 1.77306489791
170 0.12 -1 1.92825055016
170 0.14 -1 2.08071975167
170 0.15 -1 2.15579306027
170 0.16 -1 2.23002885848
170 0.18 -1 2.37591184719
170 0.2 -1 2.51827975798
170 0.25 -1 2.85890583726
170 0.3 -1 3.17881014448
170 10.0 -1 1.44929844387
170 100.0 -1 4.70812065148
175 0.0 -1 1.53780095672
175 0.01 -1 1.11012224551
175 0.02 -1 1.20535756143
175 0.03 -1 1.28696228125
175 0.04 -1 1.36698205914
175 0.05 -1 1.44667031714
175 0.06 -1 1.52588269723
175 0.07 -1 1.60450606725
175 0.08 -1 1.68244483988
175 0.09 -1 1.75968938104
175 0.1 -1 1.83619796807
175 0.12 -1 1.98711282474
175 0.14 -1 2.13520600958
175 0.15 -1 2.2082328606
175 0.16 -1 2.28061000241
175 0.18 -1 2.42337541962
175 0.2 -1 2.56357002566
175 0.25 -1 2.90330184937
175 0.3 -1 3.22842226696
175 10.0 -1 1.50331354049
175 100.0 -1 4.7772546302
180 0.0 -1 1.64947734946
180 0.01 -1 1.07199803631
180 0.02 -1 1.15512655716
180 0.03 -1 1.23057710832
180 0.04 -1 1.30484651795
180 0.05 -1 1.37849193093
180 0.06 -1 1.45153424828
180 0.07 -1 1.52383982818
180 0.08 -1 1.59544579776
180 0.09 -1 1.66628745458
180 0.1 -1 1.73639546655
180 0.12 -1 1.87443761378
180 0.14 -1 2.00976322635
180 0.15 -1 2.07648810597
180 0.16 -1 2.14261549364
180 0.18 -1 2.27316301912
180 0.2 -1 2.40157798371
180 0.25 -1 2.71401925875
180 0.3 -1 3.01523322088
180 10.0 -1 1.41915009349
180 100.0 -1 4.40891384051
190 0.0 -1 1.71059191732
190 0.01 -1 1.03315072718
190 0.02 -1 1.09263320069
190 0.03 -1 1.14969831192
190 0.04 -1 1.20717128743
190 0.05 -1 1.26525779489
190 0.06 -1 1.32375672146
190 0.07 -1 1.38251162581
190 0.08 -1 1.44142528509
190 0.09 -1 1.50033654602
190 0.1 -1 1.55918623522
190 0.12 -1 1.67649196725
190 0.14 -1 1.79299166423
190 0.15 -1 1.85090393532
190 0.16 -1 1.9085723775
190 0.18 -1 2.02314609316
190 0.2 -1 2.13671101004
190 0.25 -1 2.4161374381
190 0.3 -1 2.68922457422
190 10.0 -1 1.2806122616
190 100.0 -1 3.85016053655
200 0.0 -1 1.66501693952
200 0.01 -1 1.01822268703
200 0.02 -1 1.07132176688
200 0.03 -1 1.1209186894
200 0.04 -1 1.17007524527
200 0.05 -1 1.21925353428
200 0.06 -1 1.26855326444
200 0.07 -1 1.31795415128
200 0.08 -1 1.36742709188
200 0.09 -1 1.41693686362
200 0.1 -1 1.46647014035
200 0.12 -1 1.56542562094
200 0.14 -1 1.66409585541
200 0.15 -1 1.71326297911
200 0.16 -1 1.76231021955
200 0.18 -1 1.85994530913
200 0.2 -1 1.9569351097
200 0.25 -1 2.19626030382
200 0.3 -1 2.43080908943
200 10.0 -1 1.21925353428
200 100.0 -1 3.32109664007
2000 0.0 -1 3.73533395048
2000 0.01 -1 2.37401972449
2000 0.02 -1 2.35489072363
2000 0.03 -1 2.32531301644
2000 0.04 -1 2.2913463663
2000 0.05 -1 2.25606164362
2000 0.06 -1 2.22080749341
2000 0.07 -1 2.18617965029
2000 0.08 -1 2.15242246629
2000 0.09 -1 2.11961296052
2000 0.1 -1 2.0877690172
2000 0.12 -1 2.02687571948
2000 0.14 -1 1.969475201
2000 0.15 -1 1.9419922742
2000 0.16 -1 1.91526988182
2000 0.18 -1 1.86397621773
2000 0.2 -1 1.81534548008
2000 0.25 -1 1.70404581022
2000 0.3 -1 1.60530286081
2000 10.0 -1 2.38503103305
2000 100.0 -1 2.25606164362
210 0.0 -1 1.62722643376
210 0.01 -1 1.00681696602
210 0.02 -1 1.05182039289
210 0.03 -1 1.09551893975
210 0.04 -1 1.13951150548
210 0.05 -1 1.18383532758
210 0.06 -1 1.22833602016
210 0.07 -1 1.27289036157
210 0.08 -1 1.31740896021
210 0.09 -1 1.36185248525
210 0.1 -1 1.40619826605
210 0.12 -1 1.49451049383
210 0.14 -1 1.58227920633
210 0.15 -1 1.62593777036
210 0.16 -1 1.6694592421
210 0.18 -1 1.75603928195
210 0.2 -1 1.84203017666
210 0.25 -1 2.05437957434
210 0.3 -1 2.26303019605
210 10.0 -1 1.17326838188
210 100.0 -1 2.96976919605
230 0.0 -1 1.53941602188
230 0.01 -1 0.992907102313
230 0.02 -1 1.03356392949
230 0.03 -1 1.07394330119
230 0.04 -1 1.11398656564
230 0.05 -1 1.15376472057
230 0.06 -1 1.19332556259
230 0.07 -1 1.23269330346
230 0.08 -1 1.27190816677
230 0.09 -1 1.31099948756
230 0.1 -1 1.34997043051
230 0.12 -1 1.42758658995
230 0.14 -1 1.50480210684
230 0.15 -1 1.54327045007
230 0.16 -1 1.58164496923
230 0.18 -1 1.65809300877
230 0.2 -1 1.7341491384
230 0.25 -1 1.92244855229
230 0.3 -1 2.10792648701
230 10.0 -1 1.12785622965
230 100.0 -1 2.59266046075
250 0.0 -1 1.45105957687
250 0.01 -1 0.979740112926
250 0.02 -1 1.01654883577
250 0.03 -1 1.05264289294
250 0.04 -1 1.08836673564
250 0.05 -1 1.12409696438
250 0.06 -1 1.15993733513
250 0.07 -1 1.19580583004
250 0.08 -1 1.23169908538
250 0.09 -1 1.26755651628
250 0.1 -1 1.30333768467
250 0.12 -1 1.37459598521
250 0.14 -1 1.44535556348
250 0.15 -1 1.48052973334
250 0.16 -1 1.51557012991
250 0.18 -1 1.58522111064
250 0.2 -1 1.65430422167
250 0.25 -1 1.82455175774
250 0.3 -1 1.99133493667
250 10.0 -1 1.08836673564
250 100.0 -1 2.31490584698
2500 0.0 -1 1.32433294038
2500 0.01 -1 2.89004959495
2500 0.02 -1 2.84441140632
2500 0.03 -1 2.79169872825
2500 0.04 -1 2.73858263575
2500 0.05 -1 2.68696389385
2500 0.06 -1 2.63729240757
2500 0.07 -1 2.58961374266
2500 0.08 -1 2.54379818604
2500 0.09 -1 2.4997206318
2500 0.1 -1 2.45725359123
2500 0.12 -1 2.3767223922
2500 0.14 -1 2.3014340413
2500 0.15 -1 2.26555764867
2500 0.16 -1 2.23077028704
2500 0.18 -1 2.16425829699
2500 0.2 -1 2.10146987916
2500 0.25 -1 1.95869935069
2500 0.3 -1 1.83302073012
2500 10.0 -1 2.79538350788
2500 100.0 -1 2.73858263575
270 0.0 -1 2.32554527526
270 0.01 -1 0.969756433435
270 0.02 -1 1.00080038359
270 0.03 -1 1.03141860924
270 0.04 -1 1.06192187336
270 0.05 -1 1.09237140505
270 0.06 -1 1.1227822233
270 0.07 -1 1.15316976299
270 0.08 -1 1.18351130376
270 0.09 -1 1.2138014047
270 0.1 -1 1.24403987636
270 0.12 -1 1.30432945885
270 0.14 -1 1.36432096831
270 0.15 -1 1.39419272263
270 0.16 -1 1.42398139687
270 0.18 -1 1.48329206347
270 0.2 -1 1.54224011375
270 0.25 -1 1.68793106903
270 0.3 -1 1.83110009893
270 10.0 -1 1.05290451556
270 100.0 -1 2.02810278722
300 0.0 -1 2.10574606086
300 0.01 -1 0.955153863158
300 0.02 -1 0.981242120936
300 0.03 -1 1.00754117861
300 0.04 -1 1.0337574947
300 0.05 -1 1.0598789281
300 0.06 -1 1.08588015916
300 0.07 -1 1.1117683083
300 0.08 -1 1.13755527509
300 0.09 -1 1.16323934258
300 0.1 -1 1.18884201787
300 0.12 -1 1.239784656
300 0.14 -1 1.2904017771
300 0.15 -1 1.31558058009
300 0.16 -1 1.3406745883
300 0.18 -1 1.39058521818
300 0.2 -1 1.44011532657
300 0.25 -1 1.56216385244
300 0.3 -1 1.6814992286
300 10.0 -1 1.01629597641
300 100.0 -1 1.75949573548
3000 0.0 -1 6.07807073866
3000 0.01 -1 3.18314999076
3000 0.02 -1 3.13361704868
3000 0.03 -1 3.07633038349
3000 0.04 -1 3.01716513028
3000 0.05 -1 2.95851934738
3000 0.06 -1 2.90136478637
3000 0.07 -1 2.84606579658
3000 0.08 -1 2.79270097464
3000 0.09 -1 2.74127396878
3000 0.1 -1 2.69170856685
3000 0.12 -1 2.59780464897
3000 0.14 -1 2.51025912427
3000 0.15 -1 2.46866441049
3000 0.16 -1 2.42841293831
3000 0.18 -1 2.35167346315
3000 0.2 -1 2.27953429008
3000 0.25 -1 2.11659650849
3000 0.3 -1 1.97441309927
3000 10.0 -1 3.33644677374
3000 100.0 -1 3.05665884696
350 0.0 -1 1.79935749372
350 0.01 -1 0.920237272302
350 0.02 -1 0.946189147541
350 0.03 -1 0.970589851038
350 0.04 -1 0.994131174822
350 0.05 -1 1.01702035986
350 0.06 -1 1.03939254763
350 0.07 -1 1.06130098398
350 0.08 -1 1.08280530629
350 0.09 -1 1.10393113461
350 0.1 -1 1.12471958624
350 0.12 -1 1.1653847124
350 0.14 -1 1.2049893845
350 0.15 -1 1.22443390134
350 0.16 -1 1.24366237795
350 0.18 -1 1.28151522393
350 0.2 -1 1.31862784655
350 0.25 -1 1.40854069298
350 0.3 -1 1.49486938399
350 10.0 -1 0.967169598939
350 100.0 -1 1.47053925066
400 0.0 -1 1.69903701506
400 0.01 -1 0.941005941269
400 0.02 -1 0.94996748953
400 0.03 -1 0.960062084105
400 0.04 -1 0.970713043262
400 0.05 -1 0.981659976191
400 0.06 -1 0.99275316366
400 0.07 -1 1.0039068854
400 0.08 -1 1.01507450178
400 0.09 -1 1.02623237972
400 0.1 -1 1.03736205041
400 0.12 -1 1.05951692644
400 0.14 -1 1.0815024714
400 0.15 -1 1.09243012537
400 0.16 -1 1.10331353915
400 0.18 -1 1.12495077486
400 0.2 -1 1.14641134921
400 0.25 -1 1.19926314434
400 0.3 -1 1.25097205232
400 10.0 -1 0.954925906636
400 100.0 -1 1.19926314434
4000 0.0 -1 5.02607361112
4000 0.01 -1 3.24296184006
4000 0.02 -1 3.15878626344
4000 0.03 -1 3.08007570487
4000 0.04 -1 3.0075126416
4000 0.05 -1 2.9400419222
4000 0.06 -1 2.87688022101
4000 0.07 -1 2.81743732961
4000 0.08 -1 2.76126161024
4000 0.09 -1 2.70799808383
4000 0.1 -1 2.65735548334
4000 0.12 -1 2.56297847538
4000 0.14 -1 2.47658446433
4000 0.15 -1 2.43599726677
4000 0.16 -1 2.39698929775
4000 0.18 -1 2.32326200601
4000 0.2 -1 2.2546473101
4000 0.25 -1 2.10161874124
4000 0.3 -1 1.96960967992
4000 10.0 -1 3.42477020293
4000 100.0 -1 3.11858999549
450 0.0 -1 1.53721606004
450 0.01 -1 0.944709888479
450 0.02 -1 0.951778140275
450 0.03 -1 0.958741774639
450 0.04 -1 0.96548138995
450 0.05 -1 0.972153466018
450 0.06 -1 0.978836399512
450 0.07 -1 0.98555781773
450 0.08 -1 0.992318326927
450 0.09 -1 0.999119280894
450 0.1 -1 1.00595587832
450 0.12 -1 1.01971358479
450 0.14 -1 1.03354461579
450 0.15 -1 1.04048092485
450 0.16 -1 1.04742356402
450 0.18 -1 1.06132625054
450 0.2 -1 1.07523225502
450 0.25 -1 1.10995008775
450 0.3 -1 1.14447397526
450 10.0 -1 0.953357487748
450 100.0 -1 1.0906777865
500 0.0 -1 1.4256896752
500 0.01 -1 0.948386998797
500 0.02 -1 0.956528256246
500 0.03 -1 0.962132811518
500 0.04 -1 0.966672076991
500 0.05 -1 0.970855120585
500 0.06 -1 0.974987362517
500 0.07 -1 0.979172386473
500 0.08 -1 0.983436756063
500 0.09 -1 0.987777740725
500 0.1 -1 0.992191025563
500 0.12 -1 1.00118066007
500 0.14 -1 1.0103386922
500 0.15 -1 1.01496658161
500 0.16 -1 1.01962013992
500 0.18 -1 1.02899852539
500 0.2 -1 1.03844830292
500 0.25 -1 1.06230468823
500 0.3 -1 1.08636658733
500 10.0 -1 0.956528256246
500 100.0 -1 1.03844830292
5000 0.0 -1 1.12810566706
5000 0.01 -1 2.44274014647
5000 0.02 -1 2.39238599856
5000 0.03 -1 2.3429039439
5000 0.04 -1 2.29626972249
5000 0.05 -1 2.25268458292
5000 0.06 -1 2.21197841517
5000 0.07 -1 2.173911566
5000 0.08 -1 2.13825420655
5000 0.09 -1 2.10479523462
5000 0.1 -1 2.07332300877
5000 0.12 -1 2.01563443748
5000 0.14 -1 1.9638984496
5000 0.15 -1 1.93992515288
5000 0.16 -1 1.91706332406
5000 0.18 -1 1.87428438443
5000 0.2 -1 1.83487023882
5000 0.25 -1 1.74769616723
5000 0.3 -1 1.67224135879
5000 10.0 -1 1.86784807908
5000 100.0 -1 2.39238599856
550 0.0 -1 2.39023601584
550 0.01 -1 0.969259666784
550 0.02 -1 0.967952711585
550 0.03 -1 0.968607426407
550 0.04 -1 0.970197573738
550 0.05 -1 0.972343399269
550 0.06 -1 0.974814449088
550 0.07 -1 0.977474073699
550 0.08 -1 0.980270519604
550 0.09 -1 0.983164124695
550 0.1 -1 0.986123620714
550 0.12 -1 0.992218042723
550 0.14 -1 0.998485120665
550 0.15 -1 1.00167415151
550 0.16 -1 1.00488964053
550 0.18 -1 1.01140295779
550 0.2 -1 1.0180102647
550 0.25 -1 1.0348310368
550 0.3 -1 1.05196319868
550 10.0 -1 0.96798003831
550 100.0 -1 1.01200056443
600 0.0 -1 2.17463439608
600 0.01 -1 0.966164157239
600 0.02 -1 0.96806350525
600 0.03 -1 0.969209570525
600 0.04 -1 0.970460022318
600 0.05 -1 0.971916405099
600 0.06 -1 0.973589287046
600 0.07 -1 0.97543642086
600 0.08 -1 0.977435401911
600 0.09 -1 0.979553420129
600 0.1 -1 0.981776776926
600 0.12 -1 0.986467197693
600 0.14 -1 0.991406022715
600 0.15 -1 0.993949993659
600 0.16 -1 0.996532822952
600 0.18 -1 1.00180020413
600 0.2 -1 1.00717937656
600 0.25 -1 1.0209825046
600 0.3 -1 1.03513437706
600 10.0 -1 0.967606847473
600 100.0 -1 0.998272679375
650 0.0 -1 2.04027958197
650 0.01 -1 0.97251308243
650 0.02 -1 0.972188901499
650 0.03 -1 0.972560756054
650 0.04 -1 0.973489964014
650 0.05 -1 0.974678765786
650 0.06 -1 0.975990179009
650 0.07 -1 0.977381530513
650 0.08 -1 0.978829814798
650 0.09 -1 0.980331965045
650 0.1 -1 0.981881057837
650 0.12 -1 0.98511173729
650 0.14 -1 0.988507957301
650 0.15 -1 0.990260722452
650 0.16 -1 0.992046902121
650 0.18 -1 0.995714988694
650 0.2 -1 0.999493134265
650 0.25 -1 1.00933798905
650 0.3 -1 1.01961607849
650 10.0 -1 0.97231073305
650 100.0 -1 0.990944356008
700 0.0 -1 2.0495407271
700 0.01 -1 0.984590093786
700 0.02 -1 0.982710630558
700 0.03 -1 0.981741226678
700 0.04 -1 0.981109629387
700 0.05 -1 0.980824819082
700 0.06 -1 0.980850110591
700 0.07 -1 0.981135170973
700 0.08 -1 0.981633364434
700 0.09 -1 0.982300941339
700 0.1 -1 0.983107590195
700 0.12 -1 0.985047340177
700 0.14 -1 0.987304356439
700 0.15 -1 0.988521711502
700 0.16 -1 0.989790252477
700 0.18 -1 0.992442348803
700 0.2 -1 0.995226580017
700 0.25 -1 1.00258054363
700 0.3 -1 1.01031395436
700 10.0 -1 0.983463359101
700 100.0 -1 0.987648173407
750 0.0 -1 1.87187494282
750 0.01 -1 0.970388224547
750 0.02 -1 0.97474945845
750 0.03 -1 0.976808065337
750 0.04 -1 0.977978914572
750 0.05 -1 0.97890580126
750 0.06 -1 0.979769777555
750 0.07 -1 0.980619741729
750 0.08 -1 0.981474969375
750 0.09 -1 0.982341024526
750 0.1 -1 0.983222369864
750 0.12 -1 0.985033336639
750 0.14 -1 0.986912643713
750 0.15 -1 0.987883090243
750 0.16 -1 0.988869311427
750 0.18 -1 0.990895896338
750 0.2 -1 0.992988304133
750 0.25 -1 0.998468447513
750 0.3 -1 1.00422411727
750 10.0 -1 0.972122755465
750 100.0 -1 0.986278610058
800 0.0 -1 1.79940723296
800 0.01 -1 0.998459102299
800 0.02 -1 0.99853673013
800 0.03 -1 0.997697989608
800 0.04 -1 0.996753456044
800 0.05 -1 0.995910493522
800 0.06 -1 0.995226429047
800 0.07 -1 0.99469821276
800 0.08 -1 0.994309759075
800 0.09 -1 0.994040073097
800 0.1 -1 0.993868024381
800 0.12 -1 0.993770030667
800 0.14 -1 0.993931040527
800 0.15 -1 0.994089168164
800 0.16 -1 0.994293390259
800 0.18 -1 0.994821322443
800 0.2 -1 0.995488556101
800 0.25 -1 0.997642056983
800 0.3 -1 1.00031616704
800 10.0 -1 0.998671727176
800 100.0 -1 0.993789283393
900 0.0 -1 1.69518088312
900 0.01 -1 1.00698377812
900 0.02 -1 1.00767270236
900 0.03 -1 1.00853544099
900 0.04 -1 1.00883208447
900 0.05 -1 1.00871291273
900 0.06 -1 1.00835386614
900 0.07 -1 1.00787698435
900 0.08 -1 1.00735683712
900 0.09 -1 1.00683086954
900 0.1 -1 1.00632132729
900 0.12 -1 1.00538787942
900 0.14 -1 1.00457806173
900 0.15 -1 1.00421736964
900 0.16 -1 1.00388227645
900 0.18 -1 1.0032787415
900 0.2 -1 1.00275017315
900 0.25 -1 1.00166796289
900 0.3 -1 1.00080771783
900 10.0 -1 1.00692393833
900 100.0 -1 1.00578723709
