1000 0.0 -1 1.89896016579
1000 0.01 -1 1.21671279707
1000 0.02 -1 1.21538555708
1000 0.03 -1 1.21227974551
1000 0.04 -1 1.2083827169
1000 0.05 -1 1.20420376591
1000 0.06 -1 1.1998931833
1000 0.07 -1 1.19548590747
1000 0.08 -1 1.19097441544
1000 0.09 -1 1.18635443715
1000 0.1 -1 1.18161691255
1000 0.12 -1 1.17179739693
1000 0.14 -1 1.16155322107
1000 0.15 -1 1.15628317535
1000 0.16 -1 1.15093063961
1000 0.18 -1 1.13998388867
1000 0.2 -1 1.12876195788
1000 0.25 -1 1.09979104927
1000 0.3 -1 1.06997213475
1000 10.0 -1 1.21671279707
1000 100.0 -1 1.18161691255
115 0.0 -1 0.312963082535
115 0.01 -1 1.05104162326
115 0.02 -1 1.12691388344
115 0.03 -1 1.16189280194
115 0.04 -1 1.18976369585
115 0.05 -1 1.21144814465
115 0.06 -1 1.22708783072
115 0.07 -1 1.23787889102
115 0.08 -1 1.24480309776
115 0.09 -1 1.24872905208
115 0.1 -1 1.25014711807
115 0.12 -1 1.24651822245
115 0.14 -1 1.23558437014
115 0.15 -1 1.22771096059
115 0.16 -1 1.21840964189
115 0.18 -1 1.19620147184
115 0.2 -1 1.17008593397
115 0.25 -1 1.09447683156
115 0.3 -1 1.01389055378
115 10.0 -1 1.24782090899
115 100.0 -1 0.467610810951
120 0.0 -1 0.360748623361
120 0.01 -1 1.02318970175
120 0.02 -1 0.999712008736
120 0.03 -1 0.963496778196
120 0.04 -1 0.931688984502
120 0.05 -1 0.904052257959
120 0.06 -1 0.87996245903
120 0.07 -1 0.858942632606
120 0.08 -1 0.840706433103
120 0.09 -1 0.82484639059
120 0.1 -1 0.81106972615
120 0.12 -1 0.788232241506
120 0.14 -1 0.769774881471
120 0.15 -1 0.761616981651
120 0.16 -1 0.753937178158
120 0.18 -1 0.739473831389
120 0.2 -1 0.725600232661
120 0.25 -1 0.69101832564
120 0.3 -1 0.655188714945
120 10.0 -1 0.835160910244
120 100.0 -1 0.356326109228
124 0.0 -1 0.331549762085
124 0.01 -1 0.869027957251
124 0.02 -1 0.834557916765
124 0.03 -1 0.800061033899
124 0.04 -1 0.767606192515
124 0.05 -1 0.738125933063
124 0.06 -1 0.712602926149
124 0.07 -1 0.690807778608
124 0.08 -1 0.672345310862
124 0.09 -1 0.65657126111
124 0.1 -1 0.642875475618
124 0.12 -1 0.619775371143
124 0.14 -1 0.60032350309
124 0.15 -1 0.591410870214
124 0.16 -1 0.582843806218
124 0.18 -1 0.566431546454
124 0.2 -1 0.550627729048
124 0.25 -1 0.512528634342
124 0.3 -1 0.476175449765
124 10.0 -1 0.671254765071
124 100.0 -1 0.245343964213
125 0.0 -1 0.335321847101
125 0.01 -1 0.977674789332
125 0.02 -1 1.02994145699
125 0.03 -1 1.05041829596
125 0.04 -1 1.06029190009
125 0.05 -1 1.0648657277
125 0.06 -1 1.0668485296
125 0.07 -1 1.06710742418
125 0.08 -1 1.06628673898
125 0.09 -1 1.06448978233
125 0.1 -1 1.06203815658
125 0.12 -1 1.055454546
125 0.14 -1 1.04701575135
125 0.15 -1 1.04222870807
125 0.16 -1 1.03710629951
125 0.18 -1 1.02591629679
125 0.2 -1 1.01371319556
125 0.25 -1 0.979716355666
125 0.3 -1 0.942488638747
125 10.0 -1 1.06628673898
125 100.0 -1 0.606480581801
126 0.0 -1 0.369403103511
126 0.01 -1 1.01622696505
126 0.02 -1 1.01996119527
126 0.03 -1 1.00876947802
126 0.04 -1 0.991807691034
126 0.05 -1 0.971810784467
126 0.06 -1 0.950122332905
126 0.07 -1 0.927820494949
126 0.08 -1 0.905398350694
126 0.09 -1 0.883060148731
126 0.1 -1 0.860942038308
126 0.12 -1 0.818026741423
126 0.14 -1 0.77723469589
126 0.15 -1 0.757756926493
126 0.16 -1 0.738905127409
126 0.18 -1 0.703154375335
126 0.2 -1 0.669890753939
126 0.25 -1 0.596775242347
126 0.3 -1 0.535791699836
126 10.0 -1 0.906821189653
126 100.0 -1 0.250755324909
130 0.0 -1 0.19852701119
130 0.01 -1 0.858300277657
130 0.02 -1 0.958354691979
130 0.03 -1 0.995848625133
130 0.04 -1 1.02269427358
130 0.05 -1 1.04583533305
130 0.06 -1 1.06668098995
130 0.07 -1 1.0856502075
130 0.08 -1 1.10288067981
130 0.09 -1 1.11848972464
130 0.1 -1 1.13263849566
130 0.12 -1 1.15730071085
130 0.14 -1 1.17810345118
130 0.15 -1 1.1873618419
130 0.16 -1 1.19595946696
130 0.18 -1 1.21150076461
130 0.2 -1 1.22509325244
130 0.25 -1 1.25148399094
130 0.3 -1 1.26777188367
130 10.0 -1 1.0977497483
130 100.0 -1 1.10585480518
135 0.0 -1 0.247742891269
135 0.01 -1 1.08749969674
135 0.02 -1 1.25364098028
135 0.03 -1 1.346716679
135 0.04 -1 1.42354603441
135 0.05 -1 1.49204411235
135 0.06 -1 1.55421797759
135 0.07 -1 1.61109430777
135 0.08 -1 1.6632550205
135 0.09 -1 1.71107436536
135 0.1 -1 1.75491367556
135 0.12 -1 1.83201955901
135 0.14 -1 1.89677291509
135 0.15 -1 1.92507364029
135 0.16 -1 1.95096106295
135 0.18 -1 1.99603299263
135 0.2 -1 2.03316955532
135 0.25 -1 2.09701626064
135 0.3 -1 2.12813091863
135 10.0 -1 1.63287196467
135 100.0 -1 1.85354275901
140 0.0 -1 0.239139905745
140 0.01 -1 0.928594458984
140 0.02 -1 1.02570272427
140 0.03 -1 1.06490712248
140 0.04 -1 1.09797609243
140 0.05 -1 1.12909730447
140 0.06 -1 1.15806408084
140 0.07 -1 1.18429130545
140 0.08 -1 1.20769696998
140 0.09 -1 1.22831778106
140 0.1 -1 1.24638027811
140 0.12 -1 1.27588905467
140 0.14 -1 1.29824096142
140 0.15 -1 1.30724782602
140 0.16 -1 1.31499089436
140 0.18 -1 1.32724862477
140 0.2 -1 1.33582882569
140 0.25 -1 1.3448971791
140 0.3 -1 1.3410638622
140 10.0 -1 1.18781455065
140 100.0 -1 1.14807419677
145 0.0 -1 0.276939738401
145 0.01 -1 1.07284027214
145 0.02 -1 1.27751118163
145 0.03 -1 1.42886331355
145 0.04 -1 1.56973306496
145 0.05 -1 1.70186085778
145 0.06 -1 1.82523705136
145 0.07 -1 1.93980491905
145 0.08 -1 2.04573631488
145 0.09 -1 2.14336290473
145 0.1 -1 2.23299002847
145 0.12 -1 2.38982242965
145 0.14 -1 2.51963047877
145 0.15 -1 2.57544587157
145 0.16 -1 2.62578680505
145 0.18 -1 2.71158337392
145 0.2 -1 2.78005364082
145 0.25 -1 2.89210943171
145 0.3 -1 2.94446702649
145 10.0 -1 1.92833985024
145 100.0 -1 2.7206185178
150 0.0 -1 0.336982540216
150 0.01 -1 1.28828218524
150 0.02 -1 1.73431516026
150 0.03 -1 2.11771962935
150 0.04 -1 2.48320486885
150 0.05 -1 2.83477750003
150 0.06 -1 3.17245267136
150 0.07 -1 3.49593140532
150 0.08 -1 3.80511284213
150 0.09 -1 4.1002199917
150 0.1 -1 4.38142949451
150 0.12 -1 4.90372903979
150 0.14 -1 5.37545207526
150 0.15 -1 5.59359178896
150 0.16 -1 5.80060009485
150 0.18 -1 6.18330454632
150 0.2 -1 6.52754361041
150 0.25 -1 7.24417867881
150 0.3 -1 7.79454509523
150 10.0 -1 3.38968869345
150 100.0 -1 9.35562058956
1500 0.0 -1 2.42344146714
1500 0.01 -1 1.27627166267
1500 0.02 -1 1.27632639054
1500 0.03 -1 1.27730134846
1500 0.04 -1 1.27788331718
1500 0.05 -1 1.27793624998
1500 0.06 -1 1.27750273211
1500 0.07 -1 1.27665832466
1500 0.08 -1 1.2754470601
1500 0.09 -1 1.27391951072
1500 0.1 -1 1.27210025751
1500 0.12 -1 1.2677010478
1500 0.14 -1 1.26241367151
1500 0.15 -1 1.25947596787
1500 0.16 -1 1.25635641741
1500 0.18 -1 1.24961652224
1500 0.2 -1 1.24226739306
1500 0.25 -1 1.22161962744
1500 0.3 -1 1.19833587496
1500 10.0 -1 1.27818444206
1500 100.0 -1 1.27698258903
155 0.0 -1 0.47620729813
155 0.01 -1 1.9245765384
155 0.02 -1 2.83112313621
155 0.03 -1 3.64774603418
155 0.04 -1 4.42366244289
155 0.05 -1 5.16915323225
155 0.06 -1 5.88836900114
155 0.07 -1 6.58380623696
155 0.08 -1 7.25727840345
155 0.09 -1 7.9103027639
155 0.1 -1 8.54433710694
155 0.12 -1 9.76035680767
155 0.14 -1 10.9139010791
155 0.15 -1 11.4694711295
155 0.16 -1 12.0118977368
155 0.18 -1 13.0597650599
155 0.2 -1 14.0619437246
155 0.25 -1 16.3897755695
155 0.3 -1 18.4968155424
155 10.0 -1 6.20525188683
155 100.0 -1 28.9739556671
160 0.0 -1 0.712102457544
160 0.01 -1 1.63050197537
160 0.02 -1 2.32766989431
160 0.03 -1 2.96264153829
160 0.04 -1 3.5733502819
160 0.05 -1 4.16786710147
160 0.06 -1 4.74986245774
160 0.07 -1 5.32173371547
160 0.08 -1 5.88499528508
160 0.09 -1 6.44069667268
160 0.1 -1 6.98968772019
160 0.12 -1 8.06993085198
160 0.14 -1 9.12946493373
160 0.15 -1 9.65232731504
160 0.16 -1 10.1709445076
160 0.18 -1 11.1963839559
160 0.2 -1 12.2072953743
160 0.25 -1 14.6785650317
160 0.3 -1 17.0801253278
160 10.0 -1 4.89372121426
160 100.0 -1 31.4371250293
165 0.0 -1 1.12681532155
165 0.01 -1 1.32275808373
165 0.02 -1 1.5895439962
165 0.03 -1 1.82782105494
165 0.04 -1 2.06392459138
165 0.05 -1 2.3006069512
165 0.06 -1 2.53772062787
165 0.07 -1 2.77497562193
165 0.08 -1 3.01197559292
165 0.09 -1 3.24838035394
165 0.1 -1 3.48397906723
165 0.12 -1 3.9521127827
165 0.14 -1 4.41557527914
165 0.15 -1 4.64546455058
165 0.16 -1 4.8740795909
165 0.18 -1 5.32753450137
165 0.2 -1 5.77598046126
165 0.25 -1 6.87613331837
165 0.3 -1 7.94838782329
165 10.0 -1 2.55209953279
165 100.0 -1 14.0273587226
170 0.0 -1 1.4787380444
170 0.01 -1 1.12354733561
170 0.02 -1 1.27396607069
170 0.03 -1 1.41579770441
170 0.04 -1 1.55868497984
170 0.05 -1 1.70298890357
170 0.06 -1 1.84825625349
170 0.07 -1 1.99425363103
170 0.08 -1 2.14062645481
170 0.09 -1 2.28713725196
170 0.1 -1 2.43355694847
170 0.12 -1 2.72558374412
170 0.14 -1 3.01575146078
170 0.15 -1 3.15997431612
170 0.16 -1 3.30355007686
170 0.18 -1 3.58872245216
170 0.2 -1 3.87113038327
170 0.25 -1 4.56506753373
170 0.3 -1 5.24234823548
170 10.0 -1 1.83112458257
170 100.0 -1 8.87024536517
175 0.0 -1 1.52819524953
175 0.01 -1 1.13751193786
175 0.02 -1 1.27702497985
175 0.03 -1 1.40376753566
175 0.04 -1 1.5290805726
175 0.05 -1 1.65422284492
175 0.06 -1 1.77940400212
175 0.07 -1 1.90456074188
175 0.08 -1 2.0296424837
175 0.09 -1 2.15455520716
175 0.1 -1 2.27921971764
175 0.12 -1 2.52767907007
175 0.14 -1 2.7746830863
175 0.15 -1 2.89756112838
175 0.16 -1 3.02000410582
175 0.18 -1 3.2634589448
175 0.2 -1 3.5049507383
175 0.25 -1 4.09952972327
175 0.3 -1 4.68075480955
175 10.0 -1 1.74363196352
175 100.0 -1 7.61768510159
180 0.0 -1 1.63774954648
180 0.01 -1 1.08937140137
180 0.02 -1 1.2000081351
180 0.03 -1 1.3027402658
180 0.04 -1 1.40366863292
180 0.05 -1 1.50359194935
180 0.06 -1 1.60263338291
180 0.07 -1 1.70098538469
180 0.08 -1 1.79869618618
180 0.09 -1 1.89585706949
180 0.1 -1 1.99248959339
180 0.12 -1 2.18435074663
180 0.14 -1 2.37444598143
180 0.15 -1 2.46884421327
180 0.16 -1 2.56281171134
180 0.18 -1 2.74945358229
180 0.2 -1 2.93437420286
180 0.25 -1 3.38902970599
180 0.3 -1 3.83286983981
180 10.0 -1 1.55869940076
180 100.0 -1 5.94605286929
190 0.0 -1 1.69763686743
190 0.01 -1 1.03529325217
190 0.02 -1 1.10171279979
190 0.03 -1 1.16756195512
190 0.04 -1 1.23380225185
190 0.05 -1 1.30017444491
190 0.06 -1 1.36652374673
190 0.07 -1 1.43284843008
190 0.08 -1 1.49912599206
190 0.09 -1 1.56534619437
190 0.1 -1 1.63147756718
190 0.12 -1 1.76344376604
190 0.14 -1 1.89487596597
190 0.15 -1 1.96033910403
190 0.16 -1 2.02563431868
190 0.18 -1 2.15561506429
190 0.2 -1 2.28475415399
190 0.25 -1 2.6035576162
190 0.3 -1 2.91622476008
190 10.0 -1 1.31764109906
190 100.0 -1 4.25168194873
200 0.0 -1 1.66865193654
200 0.01 -1 1.01707012095
200 0.02 -1 1.06782304437
200 0.03 -1 1.11683414048
200 0.04 -1 1.16659018022
200 0.05 -1 1.21704745874
200 0.06 -1 1.26799880318
200 0.07 -1 1.31930559462
200 0.08 -1 1.37083605735
200 0.09 -1 1.42252547724
200 0.1 -1 1.47433676021
200 0.12 -1 1.57820118632
200 0.14 -1 1.68223115475
200 0.15 -1 1.73425024578
200 0.16 -1 1.78625680199
200 0.18 -1 1.89012626231
200 0.2 -1 1.99372776049
200 0.25 -1 2.25092221836
200 0.3 -1 2.50465551025
200 10.0 -1 1.21704745874
200 100.0 -1 3.47509985149
2000 0.0 -1 2.20150248709
2000 0.01 -1 1.457374651
2000 0.02 -1 1.45289262999
2000 0.03 -1 1.44738008616
2000 0.04 -1 1.44193314922
2000 0.05 -1 1.4366841441
2000 0.06 -1 1.43163535977
2000 0.07 -1 1.42674571401
2000 0.08 -1 1.42196343272
2000 0.09 -1 1.41724855815
2000 0.1 -1 1.41256459436
2000 0.12 -1 1.40319854354
2000 0.14 -1 1.39373142321
2000 0.15 -1 1.38893675064
2000 0.16 -1 1.38409005029
2000 0.18 -1 1.37423641074
2000 0.2 -1 1.36414654938
2000 0.25 -1 1.33786017316
2000 0.3 -1 1.31011118909
2000 10.0 -1 1.45705267012
2000 100.0 -1 1.4366841441
210 0.0 -1 1.61676164891
210 0.01 -1 1.00724473682
210 0.02 -1 1.05414541573
210 0.03 -1 1.09845562569
210 0.04 -1 1.14253210961
210 0.05 -1 1.18673471356
210 0.06 -1 1.23107259714
210 0.07 -1 1.2754784786
210 0.08 -1 1.31991709777
210 0.09 -1 1.36432202535
210 0.1 -1 1.40868229854
210 0.12 -1 1.49718510264
210 0.14 -1 1.58529176901
210 0.15 -1 1.62918271233
210 0.16 -1 1.67295548176
210 0.18 -1 1.76011408878
210 0.2 -1 1.84672851731
210 0.25 -1 2.06065926133
210 0.3 -1 2.27049630466
210 10.0 -1 1.17620760884
210 100.0 -1 2.97367256726
230 0.0 -1 1.5157234788
230 0.01 -1 0.992599197885
230 0.02 -1 1.03317399761
230 0.03 -1 1.07160575147
230 0.04 -1 1.10938282363
230 0.05 -1 1.14695032159
230 0.06 -1 1.18441319064
230 0.07 -1 1.22182019508
230 0.08 -1 1.25916300596
230 0.09 -1 1.29641743873
230 0.1 -1 1.33355854024
230 0.12 -1 1.40741295399
230 0.14 -1 1.48057906119
230 0.15 -1 1.51687792324
230 0.16 -1 1.55297309502
230 0.18 -1 1.62453532874
230 0.2 -1 1.69523370931
230 0.25 -1 1.86816496807
230 0.3 -1 2.03567745756
230 10.0 -1 1.12246006784
230 100.0 -1 2.46119799848
250 0.0 -1 1.42066661944
250 0.01 -1 0.979771271913
250 0.02 -1 1.01573587514
250 0.03 -1 1.0492960236
250 0.04 -1 1.08215060673
250 0.05 -1 1.11469787703
250 0.06 -1 1.14704030334
250 0.07 -1 1.17919160783
250 0.08 -1 1.21115823271
250 0.09 -1 1.24292839721
250 0.1 -1 1.27451560446
250 0.12 -1 1.3371238501
250 0.14 -1 1.39898999064
250 0.15 -1 1.42964934972
250 0.16 -1 1.46012223491
250 0.18 -1 1.52051230844
250 0.2 -1 1.58015202159
250 0.25 -1 1.72588495543
250 0.3 -1 1.86664054027
250 10.0 -1 1.08215060673
250 100.0 -1 2.13268579571
2500 0.0 -1 0.562151535139
2500 0.01 -1 1.24910421453
2500 0.02 -1 1.25321899593
2500 0.03 -1 1.25558611776
2500 0.04 -1 1.2573902846
2500 0.05 -1 1.25883274105
2500 0.06 -1 1.2600584407
2500 0.07 -1 1.26115211973
2500 0.08 -1 1.2621510198
2500 0.09 -1 1.26307319007
2500 0.1 -1 1.26391809741
2500 0.12 -1 1.2653601841
2500 0.14 -1 1.2664145636
2500 0.15 -1 1.26677476575
2500 0.16 -1 1.26701443133
2500 0.18 -1 1.26710454919
2500 0.2 -1 1.26664661369
2500 0.25 -1 1.26295417613
2500 0.3 -1 1.25557436864
2500 10.0 -1 1.19323624997
2500 100.0 -1 1.2573902846
270 0.0 -1 2.29300169842
270 0.01 -1 0.966085601729
270 0.02 -1 1.00085868815
270 0.03 -1 1.03292756433
270 0.04 -1 1.06366033627
270 0.05 -1 1.0937280138
270 0.06 -1 1.1234133951
270 0.07 -1 1.15283893105
270 0.08 -1 1.18205245357
270 0.09 -1 1.21107591822
270 0.1 -1 1.23990495986
270 0.12 -1 1.29696454136
270 0.14 -1 1.35315204241
270 0.15 -1 1.38089990273
270 0.16 -1 1.40841100525
270 0.18 -1 1.46269295072
270 0.2 -1 1.51596747864
270 0.25 -1 1.64463937047
270 0.3 -1 1.76682787835
270 10.0 -1 1.05463733466
270 100.0 -1 1.92800999185
300 0.0 -1 2.08401217592
300 0.01 -1 0.952989689544
300 0.02 -1 0.98077681714
300 0.03 -1 1.00763705511
300 0.04 -1 1.03386713786
300 0.05 -1 1.05961868848
300 0.06 -1 1.08495701794
300 0.07 -1 1.10981474772
300 0.08 -1 1.13426355756
300 0.09 -1 1.15829904098
300 0.1 -1 1.18190586543
300 0.12 -1 1.22790588175
300 0.14 -1 1.27228382351
300 0.15 -1 1.29387034863
300 0.16 -1 1.31507390375
300 0.18 -1 1.35632307795
300 0.2 -1 1.39606744658
300 0.25 -1 1.48912165525
300 0.3 -1 1.57375292919
300 10.0 -1 1.01640567231
300 100.0 -1 1.62583749971
3000 0.0 -1 1.97332893805
3000 0.01 -1 1.05351829996
3000 0.02 -1 1.05453944917
3000 0.03 -1 1.05708624794
3000 0.04 -1 1.06055001401
3000 0.05 -1 1.06466410137
3000 0.06 -1 1.06921670575
3000 0.07 -1 1.07405042738
3000 0.08 -1 1.07905175687
3000 0.09 -1 1.08413986127
3000 0.1 -1 1.08925597544
3000 0.12 -1 1.09939956967
3000 0.14 -1 1.10922483368
3000 0.15 -1 1.11396151465
3000 0.16 -1 1.11855956458
3000 0.18 -1 1.12729146138
3000 0.2 -1 1.13533574049
3000 0.25 -1 1.15211498344
3000 0.3 -1 1.16385551823
3000 10.0 -1 1.09366076902
3000 100.0 -1 1.05815176829
350 0.0 -1 1.89145941109
350 0.01 -1 0.959714295623
350 0.02 -1 0.973038496461
350 0.03 -1 0.985465738211
350 0.04 -1 0.997134566617
350 0.05 -1 1.00812754447
350 0.06 -1 1.01851815377
350 0.07 -1 1.02833977754
350 0.08 -1 1.03764130687
350 0.09 -1 1.04645405094
350 0.1 -1 1.05480963279
350 0.12 -1 1.07026388259
350 0.14 -1 1.08420102549
350 0.15 -1 1.09065028332
350 0.16 -1 1.09678534795
350 0.18 -1 1.10818091417
350 0.2 -1 1.11850791925
350 0.25 -1 1.1403925303
350 0.3 -1 1.15770336155
350 10.0 -1 0.983733639544
350 100.0 -1 1.15315721889
400 0.0 -1 1.8891994056
400 0.01 -1 1.04648086726
400 0.02 -1 1.03744218014
400 0.03 -1 1.02886544652
400 0.04 -1 1.02056800338
400 0.05 -1 1.01254635674
400 0.06 -1 1.00485183406
400 0.07 -1 0.997450927976
400 0.08 -1 0.990329861182
400 0.09 -1 0.983497690683
400 0.1 -1 0.976919598595
400 0.12 -1 0.964508173047
400 0.14 -1 0.952976041035
400 0.15 -1 0.947516773536
400 0.16 -1 0.942246946902
400 0.18 -1 0.932213340787
400 0.2 -1 0.92281767666
400 0.25 -1 0.901688960629
400 0.3 -1 0.883286269372
400 10.0 -1 1.03310792665
400 100.0 -1 0.901688960629
4000 0.0 -1 0.850014034715
4000 0.01 -1 0.547132320112
4000 0.02 -1 0.561340322734
4000 0.03 -1 0.575014385187
4000 0.04 -1 0.58867163508
4000 0.05 -1 0.60244166864
4000 0.06 -1 0.616328405995
4000 0.07 -1 0.630299414043
4000 0.08 -1 0.644311710542
4000 0.09 -1 0.658322854184
4000 0.1 -1 0.672292801887
4000 0.12 -1 0.699973615339
4000 0.14 -1 0.727121087409
4000 0.15 -1 0.740436894637
4000 0.16 -1 0.753555282569
4000 0.18 -1 0.779137177068
4000 0.2 -1 0.803759246548
4000 0.25 -1 0.86061376616
4000 0.3 -1 0.910185480586
4000 10.0 -1 0.567694671044
4000 100.0 -1 0.568199247406
450 0.0 -1 1.82188075023
450 0.01 -1 1.08637716896
450 0.02 -1 1.07500035502
450 0.03 -1 1.0638803353
450 0.04 -1 1.05284180857
450 0.05 -1 1.04202769681
450 0.06 -1 1.03144490323
450 0.07 -1 1.02112085971
450 0.08 -1 1.01106333513
450 0.09 -1 1.00124376598
450 0.1 -1 0.991683206877
450 0.12 -1 0.973269708453
450 0.14 -1 0.955782096544
450 0.15 -1 0.947364201593
450 0.16 -1 0.939162505324
450 0.18 -1 0.923365462498
450 0.2 -1 0.908345581107
450 0.25 -1 0.873904930135
450 0.3 -1 0.843377750762
450 10.0 -1 1.07253002561
450 100.0 -1 0.892517221017
500 0.0 -1 1.76116399503
500 0.01 -1 1.12064806614
500 0.02 -1 1.10697339716
500 0.03 -1 1.09478485291
500 0.04 -1 1.0828440796
500 0.05 -1 1.07117985617
500 0.06 -1 1.0598415453
500 0.07 -1 1.04879335571
500 0.08 -1 1.03803580567
500 0.09 -1 1.02754455276
500 0.1 -1 1.0172965593
500 0.12 -1 0.997467214568
500 0.14 -1 0.978484313181
500 0.15 -1 0.969284911277
500 0.16 -1 0.960276697386
500 0.18 -1 0.942825029645
500 0.2 -1 0.926084242084
500 0.25 -1 0.887166281625
500 0.3 -1 0.852066212775
500 10.0 -1 1.10697339716
500 100.0 -1 0.926084242084
5000 0.0 -1 0.0792034445469
5000 0.01 -1 0.19280488924
5000 0.02 -1 0.21384518399
5000 0.03 -1 0.234208179872
5000 0.04 -1 0.254382739545
5000 0.05 -1 0.274441696582
5000 0.06 -1 0.294398497926
5000 0.07 -1 0.314250631674
5000 0.08 -1 0.333988132573
5000 0.09 -1 0.353596880257
5000 0.1 -1 0.3730603071
5000 0.12 -1 0.411482503264
5000 0.14 -1 0.44911975494
5000 0.15 -1 0.467604829987
5000 0.16 -1 0.485848705489
5000 0.18 -1 0.521561529078
5000 0.2 -1 0.556166560613
5000 0.25 -1 0.637363532363
5000 0.3 -1 0.710355430307
5000 10.0 -1 0.132151746349
5000 100.0 -1 0.21384518399
550 0.0 -1 2.84647080377
550 0.01 -1 1.13753207422
550 0.02 -1 1.12547697963
550 0.03 -1 1.11474702375
550 0.04 -1 1.10414617375
550 0.05 -1 1.09360212512
550 0.06 -1 1.08313965651
550 0.07 -1 1.07279954949
550 0.08 -1 1.06258369598
550 0.09 -1 1.05249932686
550 0.1 -1 1.04256548581
550 0.12 -1 1.02317379688
550 0.14 -1 1.00438022525
550 0.15 -1 0.995221843431
550 0.16 -1 0.986208886705
550 0.18 -1 0.968631431792
550 0.2 -1 0.951634911644
550 0.25 -1 0.911649710962
550 0.3 -1 0.875023384531
550 10.0 -1 1.12746679806
550 100.0 -1 0.967055511863
600 0.0 -1 2.66287014567
600 0.01 -1 1.16141873046
600 0.02 -1 1.14957391082
600 0.03 -1 1.13833680344
600 0.04 -1 1.12757621357
600 0.05 -1 1.11710881786
600 0.06 -1 1.10682910135
600 0.07 -1 1.09670686266
600 0.08 -1 1.08674389205
600 0.09 -1 1.07689652507
600 0.1 -1 1.06717968539
600 0.12 -1 1.04814639864
600 0.14 -1 1.02962609605
600 0.15 -1 1.02055975149
600 0.16 -1 1.01161874774
600 0.18 -1 0.994120991407
600 0.2 -1 0.977119000894
600 0.25 -1 0.936740290206
600 0.3 -1 0.899279422503
600 10.0 -1 1.15345631093
600 100.0 -1 1.0057307545
650 0.0 -1 2.46718591235
650 0.01 -1 1.17620566324
650 0.02 -1 1.16740109955
650 0.03 -1 1.15762652527
650 0.04 -1 1.14772442017
650 0.05 -1 1.13782100736
650 0.06 -1 1.12797918848
650 0.07 -1 1.11824330732
650 0.08 -1 1.10861968513
650 0.09 -1 1.09911699795
650 0.1 -1 1.08973576926
650 0.12 -1 1.07133108161
650 0.14 -1 1.05338648431
650 0.15 -1 1.04458124212
650 0.16 -1 1.03588751893
650 0.18 -1 1.01881842808
650 0.2 -1 1.00217225025
650 0.25 -1 0.96236546184
650 0.3 -1 0.925063552409
650 10.0 -1 1.17173834958
650 100.0 -1 1.04122305143
700 0.0 -1 2.32454382852
700 0.01 -1 1.17937171034
700 0.02 -1 1.17398052089
700 0.03 -1 1.16598632771
700 0.04 -1 1.1574595168
700 0.05 -1 1.14886873294
700 0.06 -1 1.14028915691
700 0.07 -1 1.13175114271
700 0.08 -1 1.12325664288
700 0.09 -1 1.11480328007
700 0.1 -1 1.10640131063
700 0.12 -1 1.08973500483
700 0.14 -1 1.07327238291
700 0.15 -1 1.06512214678
700 0.16 -1 1.05703171991
700 0.18 -1 1.04102251681
700 0.2 -1 1.02526793801
700 0.25 -1 0.987065713582
700 0.3 -1 0.950659589927
700 10.0 -1 1.17771718514
700 100.0 -1 1.07093585788
750 0.0 -1 2.22889850144
750 0.01 -1 1.18965948225
750 0.02 -1 1.18240200887
750 0.03 -1 1.17468024622
750 0.04 -1 1.16707031492
750 0.05 -1 1.15952358121
750 0.06 -1 1.15199500787
750 0.07 -1 1.14445841486
750 0.08 -1 1.13690640817
750 0.09 -1 1.12934634838
750 0.1 -1 1.12176744777
750 0.12 -1 1.10658946251
750 0.14 -1 1.09141551182
750 0.15 -1 1.08384392555
750 0.16 -1 1.07629007557
750 0.18 -1 1.06124767273
750 0.2 -1 1.04632255563
750 0.25 -1 1.00969460455
750 0.3 -1 0.974293304148
750 10.0 -1 1.18744843998
750 100.0 -1 1.09647362518
800 0.0 -1 2.16737324045
800 0.01 -1 1.1980942395
800 0.02 -1 1.19029370388
800 0.03 -1 1.1828938838
800 0.04 -1 1.1759357022
800 0.05 -1 1.16917408704
800 0.06 -1 1.16246107343
800 0.07 -1 1.15573231985
800 0.08 -1 1.14895553061
800 0.09 -1 1.1421269317
800 0.1 -1 1.13525095368
800 0.12 -1 1.12137299773
800 0.14 -1 1.1073816539
800 0.15 -1 1.10035369472
800 0.16 -1 1.09332252456
800 0.18 -1 1.0792442062
800 0.2 -1 1.06519370805
800 0.25 -1 1.03036320589
800 0.3 -1 0.996269771723
800 10.0 -1 1.1961670658
800 100.0 -1 1.11788516152
900 0.0 -1 2.12248589251
900 0.01 -1 1.22744721552
900 0.02 -1 1.2165417235
900 0.03 -1 1.20856850128
900 0.04 -1 1.20150132557
900 0.05 -1 1.19489129009
900 0.06 -1 1.18852108928
900 0.07 -1 1.18228040338
900 0.08 -1 1.17608890868
900 0.09 -1 1.16992070639
900 0.1 -1 1.16374204483
900 0.12 -1 1.15131579509
900 0.14 -1 1.13876839949
900 0.15 -1 1.13244793486
900 0.16 -1 1.12609571968
900 0.18 -1 1.11331908614
900 0.2 -1 1.10045774811
900 0.25 -1 1.06811341919
900 0.3 -1 1.0358135388
900 10.0 -1 1.22580810362
900 100.0 -1 1.15684934169
