1000 0.0 -1 1.80714828974
1000 0.01 -1 1.18244139258
1000 0.02 -1 1.17246142879
1000 0.05 -1 1.16282680027
1000 0.1 -1 1.14936445534
1000 0.2 -1 1.11169782826
1000 0.3 -1 1.06306567909
1000 10.0 -1 1.18244139258
1000 100.0 -1 1.14936445534
1000 orig -1 0.872997600314
115 0.0 -1 0.306924901486
115 0.01 -1 0.954112998467
115 0.02 -1 0.977467202753
115 0.05 -1 0.952934094042
115 0.1 -1 0.912260023154
115 0.2 -1 0.812838535229
115 0.3 -1 0.708859927084
115 10.0 -1 0.92327421574
115 100.0 -1 0.358491414832
115 orig -1 0.97135895936
120 0.0 -1 0.319637443301
120 0.01 -1 0.95353634706
120 0.02 -1 0.993243774085
120 0.05 -1 1.00985202284
120 0.1 -1 0.98702314201
120 0.2 -1 0.901776768036
120 0.3 -1 0.815143415737
120 10.0 -1 0.997468754472
120 100.0 -1 0.507135416675
120 orig -1 0.988316391414
124 0.0 -1 0.335311220613
124 0.01 -1 0.948615608697
124 0.02 -1 0.953840815111
124 0.05 -1 0.911504302849
124 0.1 -1 0.850578847918
124 0.2 -1 0.756607458272
124 0.3 -1 0.669537101379
124 10.0 -1 0.872048765626
124 100.0 -1 0.37230947825
124 orig -1 0.989084300932
125 0.0 -1 0.353714973719
125 0.01 -1 1.02000215242
125 0.02 -1 1.0621636569
125 0.05 -1 1.07066301154
125 0.1 -1 1.05113132655
125 0.2 -1 0.986729156499
125 0.3 -1 0.907516044098
125 10.0 -1 1.06026564407
125 100.0 -1 0.573536674412
125 orig -1 0.997182202804
126 0.0 -1 0.343047348442
126 0.01 -1 0.950551863207
126 0.02 -1 0.967975787868
126 0.05 -1 0.966326428535
126 0.1 -1 0.964929264282
126 0.2 -1 0.95282047817
126 0.3 -1 0.915234987197
126 10.0 -1 0.965103887876
126 100.0 -1 0.645818993431
126 orig -1 0.988946326499
130 0.0 -1 0.206737737951
130 0.01 -1 0.932414931836
130 0.02 -1 1.05255783442
130 0.05 -1 1.08738171012
130 0.1 -1 1.05728848914
130 0.2 -1 0.990331472225
130 0.3 -1 0.929653274699
130 10.0 -1 1.07332538322
130 100.0 -1 0.662856877871
130 orig -1 0.989377308396
135 0.0 -1 0.223133169134
135 0.01 -1 0.965403415838
135 0.02 -1 1.09500511141
135 0.05 -1 1.20498932645
135 0.1 -1 1.28867655192
135 0.2 -1 1.33792497214
135 0.3 -1 1.31177435456
135 10.0 -1 1.25297188134
135 100.0 -1 1.00948470297
135 orig -1 0.946038300805
140 0.0 -1 0.234251574036
140 0.01 -1 0.930768793481
140 0.02 -1 1.0652899604
140 0.05 -1 1.24705914738
140 0.1 -1 1.44132063649
140 0.2 -1 1.67850910809
140 0.3 -1 1.78317946734
140 10.0 -1 1.33965475363
140 100.0 -1 1.65317550911
140 orig -1 0.99189507504
145 0.0 -1 0.281846158181
145 0.01 -1 1.1087806287
145 0.02 -1 1.31963630087
145 0.05 -1 1.73652219755
145 0.1 -1 2.28451449055
145 0.2 -1 2.97414749211
145 0.3 -1 3.32429666558
145 10.0 -1 1.96383966993
145 100.0 -1 3.4946387959
145 orig -1 0.93275294032
150 0.0 -1 0.339676685323
150 0.01 -1 1.32917025256
150 0.02 -1 1.81992161378
150 0.05 -1 3.03587247895
150 0.1 -1 4.76174985941
150 0.2 -1 7.29269921424
150 0.3 -1 8.92909143413
150 10.0 -1 3.64934014796
150 100.0 -1 11.3001778224
150 orig -1 1.0
1500 0.0 -1 1.81741667922
1500 0.01 -1 0.968935785163
1500 0.02 -1 0.97811960787
1500 0.05 -1 1.00551971794
1500 0.1 -1 1.03940801862
1500 0.2 -1 1.07968012756
1500 0.3 -1 1.09160013903
1500 10.0 -1 0.968621471032
1500 100.0 -1 1.01797936643
1500 orig -1 1.05754333855
155 0.0 -1 0.470193338998
155 0.01 -1 1.88269297982
155 0.02 -1 2.75513972331
155 0.05 -1 5.06292596271
155 0.1 -1 8.42103365333
155 0.2 -1 13.9301066367
155 0.3 -1 18.432693753
155 10.0 -1 6.09339185273
155 100.0 -1 29.6369966551
155 orig -1 1.00893347506
160 0.0 -1 0.703982679172
160 0.01 -1 1.51220680254
160 0.02 -1 2.09970202413
160 0.05 -1 3.60208165746
160 0.1 -1 5.85344553042
160 0.2 -1 9.90439996236
160 0.3 -1 13.6039996661
160 10.0 -1 4.18720163202
160 100.0 -1 24.2090281186
160 orig -1 0.99774305011
165 0.0 -1 1.129827658
165 0.01 -1 1.28046417371
165 0.02 -1 1.50098043756
165 0.05 -1 2.06965056196
165 0.1 -1 3.00042238383
165 0.2 -1 4.79186402893
165 0.3 -1 6.46514793953
165 10.0 -1 2.27225469968
165 100.0 -1 11.0251436671
165 orig -1 0.950989064798
170 0.0 -1 1.480027101
170 0.01 -1 1.09276241662
170 0.02 -1 1.20025597959
170 0.05 -1 1.49428107689
170 0.1 -1 2.00216493867
170 0.2 -1 2.98789687173
170 0.3 -1 3.92417324653
170 10.0 -1 1.58208875925
170 100.0 -1 6.37349503999
170 orig -1 0.997431195091
175 0.0 -1 1.53914897721
175 0.01 -1 1.11274791856
175 0.02 -1 1.21596814197
175 0.05 -1 1.48090909552
175 0.1 -1 1.91284473593
175 0.2 -1 2.74177311738
175 0.3 -1 3.54158566041
175 10.0 -1 1.54162105393
175 100.0 -1 5.50667558047
175 orig -1 0.99697329068
180 0.0 -1 1.65529974298
180 0.01 -1 1.07148176697
180 0.02 -1 1.15138691372
180 0.05 -1 1.36722271322
180 0.1 -1 1.72262160164
180 0.2 -1 2.40122064533
180 0.3 -1 3.03663875289
180 10.0 -1 1.40989235143
180 100.0 -1 4.54111735736
180 orig -1 1.00281286279
190 0.0 -1 1.71140449749
190 0.01 -1 1.02743652505
190 0.02 -1 1.07510180174
190 0.05 -1 1.20799332444
190 0.1 -1 1.43281827031
190 0.2 -1 1.88337697211
190 0.3 -1 2.32121127334
190 10.0 -1 1.21924216723
190 100.0 -1 3.24504751513
190 orig -1 0.999350673323
200 0.0 -1 1.70224287445
200 0.01 -1 1.01321879246
200 0.02 -1 1.05061421548
200 0.05 -1 1.15716937197
200 0.1 -1 1.33855000998
200 0.2 -1 1.70019118017
200 0.3 -1 2.05355784589
200 10.0 -1 1.15716937197
200 100.0 -1 2.72081559913
200 orig -1 1.00128981007
2000 0.0 -1 1.66647298723
2000 0.01 -1 1.05358247607
2000 0.02 -1 1.05011111997
2000 0.05 -1 1.06026533529
2000 0.1 -1 1.0828608223
2000 0.2 -1 1.11776266742
2000 0.3 -1 1.13310186876
2000 10.0 -1 1.06587816009
2000 100.0 -1 1.06026533529
2000 orig -1 1.11110290625
210 0.0 -1 1.65338412006
210 0.01 -1 1.00431395813
210 0.02 -1 1.02651783063
210 0.05 -1 1.08527938295
210 0.1 -1 1.17999601717
210 0.2 -1 1.37182734788
210 0.3 -1 1.55567497185
210 10.0 -1 1.08013561425
210 100.0 -1 1.86143748773
210 orig -1 1.00056164679
230 0.0 -1 1.58135711532
230 0.01 -1 0.996931918267
230 0.02 -1 1.01266466205
230 0.05 -1 1.05864642459
230 0.1 -1 1.13524058041
230 0.2 -1 1.28807539894
230 0.3 -1 1.43109456836
230 10.0 -1 1.04819128105
230 100.0 -1 1.61060233291
230 orig -1 1.0010405923
250 0.0 -1 1.45588091053
250 0.01 -1 0.985744504616
250 0.02 -1 1.01027512573
250 0.05 -1 1.0832787598
250 0.1 -1 1.20311906252
250 0.2 -1 1.43093720553
250 0.3 -1 1.64460352046
250 10.0 -1 1.05910801037
250 100.0 -1 1.8450481181
250 orig -1 1.00102950458
2500 0.0 -1 0.415125014118
2500 0.01 -1 0.893895821171
2500 0.02 -1 0.892452608492
2500 0.05 -1 0.914124699559
2500 0.1 -1 0.955419475247
2500 0.2 -1 1.02478213336
2500 0.3 -1 1.07165161543
2500 10.0 -1 0.86911271226
2500 100.0 -1 0.905985118797
2500 orig -1 1.10064323202
270 0.0 -1 2.41348375843
270 0.01 -1 0.985136028637
270 0.02 -1 1.000277723
270 0.05 -1 1.04329337549
270 0.1 -1 1.10796037092
270 0.2 -1 1.22660736257
270 0.3 -1 1.32907723523
270 10.0 -1 1.02499688706
270 100.0 -1 1.39454644064
270 orig -1 1.00134342542
300 0.0 -1 2.20166256335
300 0.01 -1 0.979474474533
300 0.02 -1 0.991153085741
300 0.05 -1 1.02635322399
300 0.1 -1 1.07981800103
300 0.2 -1 1.17002854911
300 0.3 -1 1.23839853287
300 10.0 -1 1.00747968654
300 100.0 -1 1.2567626486
300 orig -1 1.00121986083
3000 0.0 -1 1.44957530207
3000 0.01 -1 0.75969178969
3000 0.02 -1 0.764560048267
3000 0.05 -1 0.791587506154
3000 0.1 -1 0.840609000896
3000 0.2 -1 0.931414596101
3000 0.3 -1 1.00186532244
3000 10.0 -1 0.794904373584
3000 100.0 -1 0.775664657868
3000 orig -1 1.07274079834
350 0.0 -1 2.02812700387
350 0.01 -1 1.00764069362
350 0.02 -1 1.00392713316
350 0.05 -1 0.999078164657
350 0.1 -1 0.993029629479
350 0.2 -1 0.979174404336
350 0.3 -1 0.96352377941
350 10.0 -1 1.00208580657
350 100.0 -1 0.965735385507
350 orig -1 0.999716451852
400 0.0 -1 1.92596892178
400 0.01 -1 1.0648319832
400 0.02 -1 1.05148860604
400 0.05 -1 1.01699272192
400 0.1 -1 0.967521996789
400 0.2 -1 0.887604533858
400 0.3 -1 0.826915195849
400 10.0 -1 1.04531103637
400 100.0 -1 0.855225325542
400 orig -1 0.993258933524
4000 0.0 -1 0.512427382764
4000 0.01 -1 0.394602164895
4000 0.02 -1 0.414516035267
4000 0.05 -1 0.46424023675
4000 0.1 -1 0.542804304303
4000 0.2 -1 0.689268189931
4000 0.3 -1 0.812435495291
4000 10.0 -1 0.371505277576
4000 100.0 -1 0.423221947219
4000 orig -1 0.972449160682
450 0.0 -1 1.79367406914
450 0.01 -1 1.09576682701
450 0.02 -1 1.08189969827
450 0.05 -1 1.04493366143
450 0.1 -1 0.990944360323
450 0.2 -1 0.899540239484
450 0.3 -1 0.82553108741
450 10.0 -1 1.07855995717
450 100.0 -1 0.881619893332
450 orig -1 0.986988890757
500 0.0 -1 1.75378091491
500 0.01 -1 1.119135996
500 0.02 -1 1.10508634044
500 0.05 -1 1.06995265572
500 0.1 -1 1.01725565861
500 0.2 -1 0.925159089524
500 0.3 -1 0.847313334246
500 10.0 -1 1.10508634044
500 100.0 -1 0.925159089524
500 orig -1 0.9822518368
5000 0.0 -1 0.0682334414948
5000 0.01 -1 0.158812134605
5000 0.02 -1 0.177176498283
5000 0.05 -1 0.23523953645
5000 0.1 -1 0.332093520946
5000 0.2 -1 0.514215551802
5000 0.3 -1 0.670277159592
5000 10.0 -1 0.113228987124
5000 100.0 -1 0.177176498283
5000 orig -1 0.887203751786
550 0.0 -1 2.76442039123
550 0.01 -1 1.1334483139
550 0.02 -1 1.12318801144
550 0.05 -1 1.09185908783
550 0.1 -1 1.04224891875
550 0.2 -1 0.951505056537
550 0.3 -1 0.871994758091
550 10.0 -1 1.12512894619
550 100.0 -1 0.967139432923
550 orig -1 0.978246419268
600 0.0 -1 2.59256328933
600 0.01 -1 1.14295287635
600 0.02 -1 1.13799721622
600 0.05 -1 1.11094070978
600 0.1 -1 1.06451254458
600 0.2 -1 0.977589667596
600 0.3 -1 0.899119415032
600 10.0 -1 1.14027370903
600 100.0 -1 1.00568175329
600 orig -1 0.973549675142
650 0.0 -1 2.47791750762
650 0.01 -1 1.15920749932
650 0.02 -1 1.15169393243
650 0.05 -1 1.126409735
650 0.1 -1 1.08413621307
650 0.2 -1 1.00193757132
650 0.3 -1 0.925761965869
650 10.0 -1 1.15544318623
650 100.0 -1 1.03937266412
650 orig -1 0.968334304572
700 0.0 -1 2.38531690883
700 0.01 -1 1.17110867776
700 0.02 -1 1.16333246089
700 0.05 -1 1.14009453138
700 0.1 -1 1.10137575756
700 0.2 -1 1.02467576622
700 0.3 -1 0.950828984018
700 10.0 -1 1.16782432743
700 100.0 -1 1.0687020941
700 orig -1 0.962051429724
750 0.0 -1 2.17816323726
750 0.01 -1 1.17641451286
750 0.02 -1 1.17291449011
750 0.05 -1 1.15327523863
750 0.1 -1 1.11835618252
750 0.2 -1 1.04586524536
750 0.3 -1 0.974162948609
750 10.0 -1 1.17609129807
750 100.0 -1 1.09448517059
750 orig -1 0.953840956444
800 0.0 -1 2.09711694099
800 0.01 -1 1.17707754738
800 0.02 -1 1.17526611766
800 0.05 -1 1.16096872419
800 0.1 -1 1.13072718296
800 0.2 -1 1.06440277722
800 0.3 -1 0.996278086191
800 10.0 -1 1.1770396563
800 100.0 -1 1.1146614953
800 orig -1 0.943130336997
900 0.0 -1 2.00977854683
900 0.01 -1 1.18007826604
900 0.02 -1 1.17605450371
900 0.05 -1 1.16691589442
900 0.1 -1 1.14519269642
900 0.2 -1 1.09252127299
900 0.3 -1 1.03392178559
900 10.0 -1 1.17893333626
900 100.0 -1 1.13973937835
900 orig -1 0.914842828085
