1000 0.0 -1 1.57119579127
1000 0.01 -1 1.04626689224
1000 0.02 -1 1.04805013725
1000 0.03 -1 1.04812355458
1000 0.04 -1 1.0475710103
1000 0.05 -1 1.04672380477
1000 0.06 -1 1.04571520626
1000 0.07 -1 1.04460926998
1000 0.08 -1 1.04343443005
1000 0.09 -1 1.04220645331
1000 0.1 -1 1.04094286798
1000 0.12 -1 1.0383402784
1000 0.14 -1 1.03567752653
1000 0.15 -1 1.0343359227
1000 0.16 -1 1.03299025748
1000 0.18 -1 1.03029590323
1000 0.2 -1 1.02760803094
1000 0.25 -1 1.02095536979
1000 0.3 -1 1.01444508141
1000 10.0 -1 1.04626689224
1000 100.0 -1 1.04094290975
115 0.0 -1 0.310970999918
115 0.01 -1 0.85724117955
115 0.02 -1 0.774806113495
115 0.03 -1 0.681744728269
115 0.04 -1 0.59808982069
115 0.05 -1 0.526858374781
115 0.06 -1 0.467454871745
115 0.07 -1 0.418131147336
115 0.08 -1 0.377057671725
115 0.09 -1 0.342606541737
115 0.1 -1 0.313443529378
115 0.12 -1 0.2671297393
115 0.14 -1 0.232230163758
115 0.15 -1 0.217871101195
115 0.16 -1 0.205130277455
115 0.18 -1 0.183546784173
115 0.2 -1 0.165985598364
115 0.25 -1 0.133780728425
115 0.3 -1 0.111943569517
115 10.0 -1 0.352475342877
115 100.0 -1 0.0389450177027
120 0.0 -1 0.312948095834
120 0.01 -1 0.835534264292
120 0.02 -1 0.77352773506
120 0.03 -1 0.709687915499
120 0.04 -1 0.649117073009
120 0.05 -1 0.592583362165
120 0.06 -1 0.541038122677
120 0.07 -1 0.494893142055
120 0.08 -1 0.454145162321
120 0.09 -1 0.418318276821
120 0.1 -1 0.38687473964
120 0.12 -1 0.334839104835
120 0.14 -1 0.294102459254
120 0.15 -1 0.276983476137
120 0.16 -1 0.261631127796
120 0.18 -1 0.235292786623
120 0.2 -1 0.213577342004
120 0.25 -1 0.173160906611
120 0.3 -1 0.145377149936
120 10.0 -1 0.441673473213
120 100.0 -1 0.0531291463331
124 0.0 -1 0.335849754242
124 0.01 -1 0.905918757953
124 0.02 -1 0.831590086677
124 0.03 -1 0.735847060322
124 0.04 -1 0.648224577454
124 0.05 -1 0.573279142536
124 0.06 -1 0.510501111773
124 0.07 -1 0.458110841591
124 0.08 -1 0.414233003837
124 0.09 -1 0.377231120446
124 0.1 -1 0.345772119607
124 0.12 -1 0.295506651195
124 0.14 -1 0.257394601556
124 0.15 -1 0.241658389118
124 0.16 -1 0.22766894621
124 0.18 -1 0.203916749948
124 0.2 -1 0.184531890356
124 0.25 -1 0.148909786709
124 0.3 -1 0.124687574741
124 10.0 -1 0.411653941617
124 100.0 -1 0.0468299631642
125 0.0 -1 0.341384287447
125 0.01 -1 0.920455083582
125 0.02 -1 0.863380874387
125 0.03 -1 0.785062606829
125 0.04 -1 0.708937360009
125 0.05 -1 0.640039950692
125 0.06 -1 0.579456485009
125 0.07 -1 0.526839246944
125 0.08 -1 0.48132175771
125 0.09 -1 0.4419560372
125 0.1 -1 0.407784915348
125 0.12 -1 0.351897415955
125 0.14 -1 0.308527087532
125 0.15 -1 0.290386937118
125 0.16 -1 0.274152735399
125 0.18 -1 0.246320589941
125 0.2 -1 0.223469205389
125 0.25 -1 0.181044086314
125 0.3 -1 0.151932900779
125 10.0 -1 0.48132175771
125 100.0 -1 0.0577834776184
126 0.0 -1 0.338826191302
126 0.01 -1 0.911441920275
126 0.02 -1 0.845677084617
126 0.03 -1 0.758816271978
126 0.04 -1 0.679443680561
126 0.05 -1 0.610596720665
126 0.06 -1 0.551448879787
126 0.07 -1 0.500717016294
126 0.08 -1 0.457120630875
126 0.09 -1 0.419540350901
126 0.1 -1 0.386992920003
126 0.12 -1 0.333804044986
126 0.14 -1 0.29260375382
126 0.15 -1 0.275382000726
126 0.16 -1 0.259972545453
126 0.18 -1 0.233600252195
126 0.2 -1 0.211916614062
126 0.25 -1 0.171668497069
126 0.3 -1 0.144058262976
126 10.0 -1 0.459698212381
126 100.0 -1 0.0552190190634
130 0.0 -1 0.198780513734
130 0.01 -1 0.861977681605
130 0.02 -1 0.920705763298
130 0.03 -1 0.881188144529
130 0.04 -1 0.818807200802
130 0.05 -1 0.752711017619
130 0.06 -1 0.689926043221
130 0.07 -1 0.632787579013
130 0.08 -1 0.581935425547
130 0.09 -1 0.536993494748
130 0.1 -1 0.497396326311
130 0.12 -1 0.431599651037
130 0.14 -1 0.379788403225
130 0.15 -1 0.357945139276
130 0.16 -1 0.338322568176
130 0.18 -1 0.304582552353
130 0.2 -1 0.276696350122
130 0.25 -1 0.224635571887
130 0.3 -1 0.18874218097
130 10.0 -1 0.596927721988
130 100.0 -1 0.074819624959
135 0.0 -1 0.217045723497
135 0.01 -1 0.874301729069
135 0.02 -1 0.889318347388
135 0.03 -1 0.83277048364
135 0.04 -1 0.771028575592
135 0.05 -1 0.713197742048
135 0.06 -1 0.660622587934
135 0.07 -1 0.613160238018
135 0.08 -1 0.570419807286
135 0.09 -1 0.531958933167
135 0.1 -1 0.497391882414
135 0.12 -1 0.438252018564
135 0.14 -1 0.390120454801
135 0.15 -1 0.369403304768
135 0.16 -1 0.350568334939
135 0.18 -1 0.317701307242
135 0.2 -1 0.290089335811
135 0.25 -1 0.237528446145
135 0.3 -1 0.200575062502
135 10.0 -1 0.595199546368
135 100.0 -1 0.0834065873125
140 0.0 -1 0.233798783271
140 0.01 -1 0.879029752381
140 0.02 -1 0.927313338383
140 0.03 -1 0.91156945453
140 0.04 -1 0.883925569532
140 0.05 -1 0.851644947091
140 0.06 -1 0.816991758662
140 0.07 -1 0.78135892049
140 0.08 -1 0.745793315009
140 0.09 -1 0.710943327684
140 0.1 -1 0.67735293205
140 0.12 -1 0.614931638893
140 0.14 -1 0.559674846667
140 0.15 -1 0.534694138631
140 0.16 -1 0.511379004929
140 0.18 -1 0.469359430003
140 0.2 -1 0.432785299236
140 0.25 -1 0.360291171637
140 0.3 -1 0.307247028299
140 10.0 -1 0.776264688452
140 100.0 -1 0.135172776762
145 0.0 -1 0.268176701125
145 0.01 -1 0.954928782197
145 0.02 -1 1.02472783387
145 0.03 -1 1.03705678119
145 0.04 -1 1.03369757979
145 0.05 -1 1.02030540813
145 0.06 -1 0.999729869854
145 0.07 -1 0.974346303383
145 0.08 -1 0.946001934306
145 0.09 -1 0.91595999749
145 0.1 -1 0.885225128584
145 0.12 -1 0.824180178372
145 0.14 -1 0.766190208551
145 0.15 -1 0.738766138537
145 0.16 -1 0.712563343304
145 0.18 -1 0.663762061806
145 0.2 -1 0.619675179624
145 0.25 -1 0.527737032652
145 0.3 -1 0.456788305153
145 10.0 -1 0.977127334404
145 100.0 -1 0.215219482114
150 0.0 -1 0.318431895311
150 0.01 -1 1.03577075417
150 0.02 -1 1.17949842218
150 0.03 -1 1.2627905939
150 0.04 -1 1.33095670257
150 0.05 -1 1.38782149223
150 0.06 -1 1.43436046133
150 0.07 -1 1.47147205107
150 0.08 -1 1.50004998906
150 0.09 -1 1.52088571566
150 0.1 -1 1.5348232916
150 0.12 -1 1.54527931582
150 0.14 -1 1.53716026423
150 0.15 -1 1.52764323528
150 0.16 -1 1.51529853659
150 0.18 -1 1.48372616692
150 0.2 -1 1.44567915765
150 0.25 -1 1.33672982236
150 0.3 -1 1.22483587541
150 10.0 -1 1.46013075367
150 100.0 -1 0.686151814382
1500 0.0 -1 2.77139237874
1500 0.01 -1 1.50224827535
1500 0.02 -1 1.48805893833
1500 0.03 -1 1.4754946303
1500 0.04 -1 1.46368850285
1500 0.05 -1 1.45224919254
1500 0.06 -1 1.44102957199
1500 0.07 -1 1.42998469347
1500 0.08 -1 1.41910466157
1500 0.09 -1 1.40838480095
1500 0.1 -1 1.39782924202
1500 0.12 -1 1.37721072798
1500 0.14 -1 1.35724040698
1500 0.15 -1 1.34749238378
1500 0.16 -1 1.33789678448
1500 0.18 -1 1.31915728518
1500 0.2 -1 1.30099407446
1500 0.25 -1 1.25795926779
1500 0.3 -1 1.21804416281
1500 10.0 -1 1.50693269395
1500 100.0 -1 1.43364851777
155 0.0 -1 0.411991639183
155 0.01 -1 1.35762757306
155 0.02 -1 1.74915052943
155 0.03 -1 2.04831754672
155 0.04 -1 2.30329185985
155 0.05 -1 2.52364898151
155 0.06 -1 2.71399842338
155 0.07 -1 2.87780832971
155 0.08 -1 3.01815565925
155 0.09 -1 3.13767172345
155 0.1 -1 3.23876270041
155 0.12 -1 3.39394174807
155 0.14 -1 3.49790783576
155 0.15 -1 3.53427968265
155 0.16 -1 3.5618569803
155 0.18 -1 3.59456780792
155 0.2 -1 3.60284535125
155 0.25 -1 3.5492817761
155 0.3 -1 3.43146005965
155 10.0 -1 2.79109147356
155 100.0 -1 2.39251346524
160 0.0 -1 0.685339959002
160 0.01 -1 1.25201841639
160 0.02 -1 1.55924225173
160 0.03 -1 1.79925737042
160 0.04 -1 2.01023153044
160 0.05 -1 2.20087800078
160 0.06 -1 2.37552214805
160 0.07 -1 2.53724092125
160 0.08 -1 2.68794266218
160 0.09 -1 2.82921734908
160 0.1 -1 2.96211627216
160 0.12 -1 3.20607724418
160 0.14 -1 3.42494794062
160 0.15 -1 3.52611401252
160 0.16 -1 3.62222930647
160 0.18 -1 3.80045822758
160 0.2 -1 3.96160255753
160 0.25 -1 4.29972689643
160 0.3 -1 4.5598943388
160 10.0 -1 2.41706588801
160 100.0 -1 5.11089688148
165 0.0 -1 1.13186107342
165 0.01 -1 1.23936054618
165 0.02 -1 1.42028555133
165 0.03 -1 1.57281444656
165 0.04 -1 1.72103519127
165 0.05 -1 1.86721353302
165 0.06 -1 2.01137817311
165 0.07 -1 2.15331722935
165 0.08 -1 2.29283925392
165 0.09 -1 2.43001907409
165 0.1 -1 2.56465767915
165 0.12 -1 2.8264350992
165 0.14 -1 3.07828044458
165 0.15 -1 3.2005929223
165 0.16 -1 3.32057352496
165 0.18 -1 3.5537045695
165 0.2 -1 3.77808040579
165 0.25 -1 4.30377880291
165 0.3 -1 4.78405021989
165 10.0 -1 2.0200513357
165 100.0 -1 7.00131144459
170 0.0 -1 1.48546288684
170 0.01 -1 1.086263733
170 0.02 -1 1.1839997111
170 0.03 -1 1.27378298148
170 0.04 -1 1.36487820755
170 0.05 -1 1.45700128061
170 0.06 -1 1.54958362098
170 0.07 -1 1.64220927775
170 0.08 -1 1.73444934586
170 0.09 -1 1.82606815961
170 0.1 -1 1.91695803019
170 0.12 -1 2.09601822362
170 0.14 -1 2.27116716964
170 0.15 -1 2.35717939329
170 0.16 -1 2.44215725646
170 0.18 -1 2.60903296715
170 0.2 -1 2.77181758506
170 0.25 -1 3.16169455199
170 0.3 -1 3.52892466684
170 10.0 -1 1.5387297557
170 100.0 -1 5.2987632437
175 0.0 -1 1.53872919779
175 0.01 -1 1.11848811769
175 0.02 -1 1.23559645871
175 0.03 -1 1.33901294761
175 0.04 -1 1.43924203554
175 0.05 -1 1.53772653195
175 0.06 -1 1.63466694985
175 0.07 -1 1.73021844509
175 0.08 -1 1.82436081802
175 0.09 -1 1.91720825774
175 0.1 -1 2.0086795365
175 0.12 -1 2.18776721758
175 0.14 -1 2.36194912856
175 0.15 -1 2.4472938042
175 0.16 -1 2.53153179618
175 0.18 -1 2.69678386593
175 0.2 -1 2.85805754916
175 0.25 -1 3.24536883455
175 0.3 -1 3.61275066667
175 10.0 -1 1.60709989855
175 100.0 -1 5.34702024642
180 0.0 -1 1.65821576418
180 0.01 -1 1.07341026754
180 0.02 -1 1.16639148131
180 0.03 -1 1.25320011666
180 0.04 -1 1.33888355119
180 0.05 -1 1.42346491809
180 0.06 -1 1.50700186444
180 0.07 -1 1.58939286132
180 0.08 -1 1.67069931538
180 0.09 -1 1.75101804206
180 0.1 -1 1.83032264661
180 0.12 -1 1.9862453053
180 0.14 -1 2.1388651086
180 0.15 -1 2.21403376203
180 0.16 -1 2.28847729643
180 0.18 -1 2.43529527788
180 0.2 -1 2.57951287314
180 0.25 -1 2.92949505648
180 0.3 -1 3.26572183805
180 10.0 -1 1.47002018994
180 100.0 -1 4.80850671382
190 0.0 -1 1.69549844314
190 0.01 -1 1.03650570612
190 0.02 -1 1.09946920214
190 0.03 -1 1.15915293328
190 0.04 -1 1.21926666239
190 0.05 -1 1.27987127754
190 0.06 -1 1.34067328883
190 0.07 -1 1.40157258121
190 0.08 -1 1.46242748755
190 0.09 -1 1.52315828159
190 0.1 -1 1.58373463048
190 0.12 -1 1.70430297306
190 0.14 -1 1.82401958844
190 0.15 -1 1.88350158613
190 0.16 -1 1.94275787041
190 0.18 -1 2.06048178057
190 0.2 -1 2.17716846104
190 0.25 -1 2.46408875103
190 0.3 -1 2.74402504784
190 10.0 -1 1.2958510115
190 100.0 -1 3.92643633409
200 0.0 -1 1.64526016005
200 0.01 -1 1.02390046374
200 0.02 -1 1.10015418183
200 0.03 -1 1.17433596658
200 0.04 -1 1.24810468724
200 0.05 -1 1.32151901199
200 0.06 -1 1.39472359633
200 0.07 -1 1.46766151477
200 0.08 -1 1.54040112972
200 0.09 -1 1.61292420464
200 0.1 -1 1.68523076664
200 0.12 -1 1.82923621255
200 0.14 -1 1.97239039569
200 0.15 -1 2.04364333922
200 0.16 -1 2.1146689327
200 0.18 -1 2.25606340682
200 0.2 -1 2.39652802099
200 0.25 -1 2.74362714599
200 0.3 -1 3.08483229404
200 10.0 -1 1.3215188499
200 100.0 -1 4.39277459676
2000 0.0 -1 3.70052177684
2000 0.01 -1 2.43610284217
2000 0.02 -1 2.39713265075
2000 0.03 -1 2.35676103839
2000 0.04 -1 2.3170532503
2000 0.05 -1 2.27843735928
2000 0.06 -1 2.24109396756
2000 0.07 -1 2.20504052045
2000 0.08 -1 2.17022999656
2000 0.09 -1 2.13659231783
2000 0.1 -1 2.10404580761
2000 0.12 -1 2.04197535632
2000 0.14 -1 1.98355625609
2000 0.15 -1 1.95559513693
2000 0.16 -1 1.92841221297
2000 0.18 -1 1.87623647702
2000 0.2 -1 1.82677436586
2000 0.25 -1 1.71357241793
2000 0.3 -1 1.61317493441
2000 10.0 -1 2.45207884659
2000 100.0 -1 2.27844036052
210 0.0 -1 1.61760723979
210 0.01 -1 1.00756505818
210 0.02 -1 1.05671926482
210 0.03 -1 1.10307684629
210 0.04 -1 1.14912108092
210 0.05 -1 1.19526515802
210 0.06 -1 1.24141892014
210 0.07 -1 1.28762871528
210 0.08 -1 1.33381621235
210 0.09 -1 1.37995751195
210 0.1 -1 1.42600805718
210 0.12 -1 1.51783491345
210 0.14 -1 1.60916884489
210 0.15 -1 1.65462489027
210 0.16 -1 1.69994603406
210 0.18 -1 1.79013653953
210 0.2 -1 1.87971355446
210 0.25 -1 2.10079706187
210 0.3 -1 2.31766061318
210 10.0 -1 1.18425733026
210 100.0 -1 3.04761598107
230 0.0 -1 1.53668990596
230 0.01 -1 0.992528798587
230 0.02 -1 1.03460966149
230 0.03 -1 1.07583363884
230 0.04 -1 1.11694622938
230 0.05 -1 1.15801005768
230 0.06 -1 1.19899990374
230 0.07 -1 1.23991736719
230 0.08 -1 1.28073498747
230 0.09 -1 1.32144399934
230 0.1 -1 1.36200522263
230 0.12 -1 1.44271852945
230 0.14 -1 1.5228636258
230 0.15 -1 1.56271001964
230 0.16 -1 1.6024003938
230 0.18 -1 1.68133802603
230 0.2 -1 1.75967585364
230 0.25 -1 1.95287910017
230 0.3 -1 2.14231194997
230 10.0 -1 1.1312346467
230 100.0 -1 2.63434888423
250 0.0 -1 1.43518879159
250 0.01 -1 0.978236940536
250 0.02 -1 1.01766613926
250 0.03 -1 1.05663546557
250 0.04 -1 1.09579155718
250 0.05 -1 1.13502765568
250 0.06 -1 1.17430729927
250 0.07 -1 1.2135248141
250 0.08 -1 1.2526302729
250 0.09 -1 1.2916328824
250 0.1 -1 1.330494776
250 0.12 -1 1.40784769789
250 0.14 -1 1.48469641451
250 0.15 -1 1.52294170486
250 0.16 -1 1.56106349311
250 0.18 -1 1.63696898932
250 0.2 -1 1.71240144151
250 0.25 -1 1.89895558882
250 0.3 -1 2.08261857717
250 10.0 -1 1.09579155718
250 100.0 -1 2.44125500225
2500 0.0 -1 1.34463710407
2500 0.01 -1 2.87065941938
2500 0.02 -1 2.81324073059
2500 0.03 -1 2.76234015059
2500 0.04 -1 2.7127032698
2500 0.05 -1 2.66446218966
2500 0.06 -1 2.61781843246
2500 0.07 -1 2.57277892393
2500 0.08 -1 2.52926385312
2500 0.09 -1 2.48719440392
2500 0.1 -1 2.4464688881
2500 0.12 -1 2.36875719685
2500 0.14 -1 2.29557179822
2500 0.15 -1 2.26053763448
2500 0.16 -1 2.22648270795
2500 0.18 -1 2.16112458428
2500 0.2 -1 2.09919887964
2500 0.25 -1 1.95768588243
2500 0.3 -1 1.83255356711
2500 10.0 -1 2.8142227782
2500 100.0 -1 2.7127032698
270 0.0 -1 2.32420460247
270 0.01 -1 0.968651998878
270 0.02 -1 1.00080654246
270 0.03 -1 1.03154514047
270 0.04 -1 1.06179020345
270 0.05 -1 1.0918688367
270 0.06 -1 1.1218807864
270 0.07 -1 1.15187324615
270 0.08 -1 1.18179434254
270 0.09 -1 1.21165884633
270 0.1 -1 1.24144729914
270 0.12 -1 1.30075218687
270 0.14 -1 1.35967397268
270 0.15 -1 1.38897645732
270 0.16 -1 1.41818044528
270 0.18 -1 1.47625885163
270 0.2 -1 1.53389371756
270 0.25 -1 1.67601934457
270 0.3 -1 1.81529748188
270 10.0 -1 1.05285792057
270 100.0 -1 2.00643913595
300 0.0 -1 2.1103267087
300 0.01 -1 0.95126586305
300 0.02 -1 0.980040072588
300 0.03 -1 1.00788962208
300 0.04 -1 1.03493493361
300 0.05 -1 1.06149989731
300 0.06 -1 1.08780925108
300 0.07 -1 1.11394387682
300 0.08 -1 1.13995499166
300 0.09 -1 1.16587905017
300 0.1 -1 1.19173046068
300 0.12 -1 1.24321928772
300 0.14 -1 1.2944218124
300 0.15 -1 1.31990551058
300 0.16 -1 1.34531343193
300 0.18 -1 1.39586070455
300 0.2 -1 1.44604690127
300 0.25 -1 1.56976752486
300 0.3 -1 1.69086512214
300 10.0 -1 1.01695753231
300 100.0 -1 1.77009274483
3000 0.0 -1 6.08407688119
3000 0.01 -1 3.18434549061
3000 0.02 -1 3.12484000073
3000 0.03 -1 3.06820678988
3000 0.04 -1 3.01068103025
3000 0.05 -1 2.95342544459
3000 0.06 -1 2.89734882916
3000 0.07 -1 2.8428867906
3000 0.08 -1 2.79019274449
3000 0.09 -1 2.73929784736
3000 0.1 -1 2.69015991848
3000 0.12 -1 2.59688799408
3000 0.14 -1 2.50977279199
3000 0.15 -1 2.46833227257
3000 0.16 -1 2.42821227139
3000 0.18 -1 2.35166527617
3000 0.2 -1 2.27965439864
3000 0.25 -1 2.11685079385
3000 0.3 -1 1.97467093338
3000 10.0 -1 3.35565978479
3000 100.0 -1 3.04908265983
350 0.0 -1 1.77177779915
350 0.01 -1 0.920822048436
350 0.02 -1 0.947293950818
350 0.03 -1 0.971427320416
350 0.04 -1 0.994315297315
350 0.05 -1 1.01640226489
350 0.06 -1 1.03788562247
350 0.07 -1 1.05887717942
350 0.08 -1 1.07945501072
350 0.09 -1 1.09965065147
350 0.1 -1 1.11952132321
350 0.12 -1 1.15836671467
350 0.14 -1 1.19616990394
350 0.15 -1 1.21472187251
350 0.16 -1 1.23306209052
350 0.18 -1 1.26914937513
350 0.2 -1 1.30450882942
350 0.25 -1 1.39011892676
350 0.3 -1 1.47228843493
350 10.0 -1 0.968071256042
350 100.0 -1 1.44913069198
400 0.0 -1 1.67589142858
400 0.01 -1 0.937558764624
400 0.02 -1 0.949071159723
400 0.03 -1 0.960308484744
400 0.04 -1 0.971369144749
400 0.05 -1 0.982285300821
400 0.06 -1 0.993055724983
400 0.07 -1 1.00372151931
400 0.08 -1 1.01430325278
400 0.09 -1 1.02481596962
400 0.1 -1 1.03527894656
400 0.12 -1 1.05607506632
400 0.14 -1 1.07672260564
400 0.15 -1 1.08699277454
400 0.16 -1 1.09722561146
400 0.18 -1 1.11758366436
400 0.2 -1 1.13778355437
400 0.25 -1 1.18754666329
400 0.3 -1 1.23617809717
400 10.0 -1 0.954710310716
400 100.0 -1 1.18754666543
4000 0.0 -1 4.93062941571
4000 0.01 -1 3.19961082252
4000 0.02 -1 3.13997347777
4000 0.03 -1 3.07429618958
4000 0.04 -1 3.00827599972
4000 0.05 -1 2.94417203571
4000 0.06 -1 2.88273361897
4000 0.07 -1 2.82411881171
4000 0.08 -1 2.7682452315
4000 0.09 -1 2.71496165425
4000 0.1 -1 2.66410775026
4000 0.12 -1 2.56904278617
4000 0.14 -1 2.48184583704
4000 0.15 -1 2.44086806406
4000 0.16 -1 2.40147785926
4000 0.18 -1 2.32705985177
4000 0.2 -1 2.25784322609
4000 0.25 -1 2.10368013194
4000 0.3 -1 1.97092543526
4000 10.0 -1 3.36046324052
4000 100.0 -1 3.10742232752
450 0.0 -1 1.54183320658
450 0.01 -1 0.949463141579
450 0.02 -1 0.957689154773
450 0.03 -1 0.964220279761
450 0.04 -1 0.970204026724
450 0.05 -1 0.976017923731
450 0.06 -1 0.981794833658
450 0.07 -1 0.987578898758
450 0.08 -1 0.993392376609
450 0.09 -1 0.999243687259
450 0.1 -1 1.00513040095
450 0.12 -1 1.01701251191
450 0.14 -1 1.02901926369
450 0.15 -1 1.03506521987
450 0.16 -1 1.04113278863
450 0.18 -1 1.05332384451
450 0.2 -1 1.06557523434
450 0.25 -1 1.09635461916
450 0.3 -1 1.1271775218
450 10.0 -1 0.9592252429
450 100.0 -1 1.07923676241
500 0.0 -1 1.45727256029
500 0.01 -1 0.966507273884
500 0.02 -1 0.968368255417
500 0.03 -1 0.970611260992
500 0.04 -1 0.973250245244
500 0.05 -1 0.976173849955
500 0.06 -1 0.979334390346
500 0.07 -1 0.982678778598
500 0.08 -1 0.986162194138
500 0.09 -1 0.989757302917
500 0.1 -1 0.993437968333
500 0.12 -1 1.00099528175
500 0.14 -1 1.00874832762
500 0.15 -1 1.0126831959
500 0.16 -1 1.0166531792
500 0.18 -1 1.02468305532
500 0.2 -1 1.03281829119
500 0.25 -1 1.05352358864
500 0.3 -1 1.0746197102
500 10.0 -1 0.968368255417
500 100.0 -1 1.03281830954
5000 0.0 -1 1.06456635388
5000 0.01 -1 2.37696267826
5000 0.02 -1 2.36386804318
5000 0.03 -1 2.3313420578
5000 0.04 -1 2.29360671066
5000 0.05 -1 2.25491628034
5000 0.06 -1 2.21697140529
5000 0.07 -1 2.18048459948
5000 0.08 -1 2.14572279417
5000 0.09 -1 2.11273936935
5000 0.1 -1 2.08148629672
5000 0.12 -1 2.02377983736
5000 0.14 -1 1.97171346491
5000 0.15 -1 1.94751846867
5000 0.16 -1 1.92441198407
5000 0.18 -1 1.88110935923
5000 0.2 -1 1.84116746142
5000 0.25 -1 1.75276863554
5000 0.3 -1 1.67630103562
5000 10.0 -1 1.76719315885
5000 100.0 -1 2.36386804318
550 0.0 -1 2.4127887983
550 0.01 -1 0.969712127134
550 0.02 -1 0.970820859175
550 0.03 -1 0.972549820285
550 0.04 -1 0.974428160143
550 0.05 -1 0.976448340121
550 0.06 -1 0.978595389991
550 0.07 -1 0.98085230221
550 0.08 -1 0.983203697665
550 0.09 -1 0.985632119828
550 0.1 -1 0.988131484891
550 0.12 -1 0.993312292683
550 0.14 -1 0.9986924429
550 0.15 -1 1.00144972582
550 0.16 -1 1.00424643881
550 0.18 -1 1.00995439876
550 0.2 -1 1.01579579365
550 0.25 -1 1.03087522477
550 0.3 -1 1.0464696392
550 10.0 -1 0.970516154231
550 100.0 -1 1.0104805761
600 0.0 -1 2.19771877735
600 0.01 -1 0.967694320478
600 0.02 -1 0.968019611574
600 0.03 -1 0.969456253642
600 0.04 -1 0.971289855184
600 0.05 -1 0.973294450547
600 0.06 -1 0.97538236142
600 0.07 -1 0.977514025566
600 0.08 -1 0.979666654745
600 0.09 -1 0.981827069298
600 0.1 -1 0.983994167906
600 0.12 -1 0.988334729548
600 0.14 -1 0.992692719162
600 0.15 -1 0.9948822657
600 0.16 -1 0.997078426362
600 0.18 -1 1.00150756055
600 0.2 -1 1.00598703523
600 0.25 -1 1.01744377775
600 0.3 -1 1.0292643137
600 10.0 -1 0.967718577882
600 100.0 -1 0.998549624904
650 0.0 -1 2.06801398162
650 0.01 -1 0.972415049844
650 0.02 -1 0.973449026088
650 0.03 -1 0.975087579031
650 0.04 -1 0.976670146819
650 0.05 -1 0.978151785083
650 0.06 -1 0.979558532195
650 0.07 -1 0.980933406413
650 0.08 -1 0.982290974717
650 0.09 -1 0.983644376805
650 0.1 -1 0.985004859735
650 0.12 -1 0.987766777428
650 0.14 -1 0.990598317399
650 0.15 -1 0.992045065721
650 0.16 -1 0.993510763557
650 0.18 -1 0.99650713035
650 0.2 -1 0.999586542825
650 0.25 -1 1.00762814076
650 0.3 -1 1.01610581606
650 10.0 -1 0.972793612245
650 100.0 -1 0.99260678839
700 0.0 -1 2.03851698786
700 0.01 -1 0.989731343151
700 0.02 -1 0.985905222593
700 0.03 -1 0.984733521576
700 0.04 -1 0.984360867868
700 0.05 -1 0.984400437284
700 0.06 -1 0.984683335455
700 0.07 -1 0.985127301209
700 0.08 -1 0.985685638606
700 0.09 -1 0.986326073236
700 0.1 -1 0.987032385772
700 0.12 -1 0.988597427892
700 0.14 -1 0.990328668937
700 0.15 -1 0.991248868849
700 0.16 -1 0.99220296318
700 0.18 -1 0.994201760896
700 0.2 -1 0.996314974778
700 0.25 -1 1.00202784947
700 0.3 -1 1.00825000175
700 10.0 -1 0.98743252594
700 100.0 -1 0.990588050856
750 0.0 -1 1.8777538257
750 0.01 -1 0.975791295924
750 0.02 -1 0.974307150528
750 0.03 -1 0.975801630062
750 0.04 -1 0.977418388915
750 0.05 -1 0.978854301725
750 0.06 -1 0.980125742761
750 0.07 -1 0.981276828206
750 0.08 -1 0.982349390449
750 0.09 -1 0.983370397173
750 0.1 -1 0.984357751428
750 0.12 -1 0.986276249933
750 0.14 -1 0.988161227278
750 0.15 -1 0.989102725026
750 0.16 -1 0.990040867823
750 0.18 -1 0.9919267057
750 0.2 -1 0.993827354116
750 0.25 -1 0.998666533649
750 0.3 -1 1.00366031579
750 10.0 -1 0.974426534552
750 100.0 -1 0.987535191804
800 0.0 -1 1.72439606787
800 0.01 -1 0.962211569161
800 0.02 -1 0.971338356885
800 0.03 -1 0.977607304981
800 0.04 -1 0.981789010599
800 0.05 -1 0.984718951321
800 0.06 -1 0.98685518528
800 0.07 -1 0.988460423083
800 0.08 -1 0.989701641231
800 0.09 -1 0.990685451297
800 0.1 -1 0.991487274508
800 0.12 -1 0.992736030611
800 0.14 -1 0.993713907317
800 0.15 -1 0.994148207814
800 0.16 -1 0.994560153047
800 0.18 -1 0.995349971378
800 0.2 -1 0.996123726824
800 0.25 -1 0.998108206017
800 0.3 -1 1.00024511805
800 10.0 -1 0.964675215678
800 100.0 -1 0.992998689014
900 0.0 -1 1.57227631675
900 0.01 -1 1.02453775058
900 0.02 -1 1.02334546408
900 0.03 -1 1.0220418588
900 0.04 -1 1.02101952297
900 0.05 -1 1.02008554183
900 0.06 -1 1.019157005
900 0.07 -1 1.01821909964
900 0.08 -1 1.01727469882
900 0.09 -1 1.01633408281
900 0.1 -1 1.01540712301
900 0.12 -1 1.01362515025
900 0.14 -1 1.01195851717
900 0.15 -1 1.01117140034
900 0.16 -1 1.01041488206
900 0.18 -1 1.00898729165
900 0.2 -1 1.00766800269
900 0.25 -1 1.00476997736
900 0.3 -1 1.00233096444
900 10.0 -1 1.02456229486
900 100.0 -1 1.01440394758
