1000 0.0 -1 1.90338367217
1000 0.01 -1 1.23223502615
1000 0.02 -1 1.22760693509
1000 0.03 -1 1.22246030596
1000 0.04 -1 1.21690053261
1000 0.05 -1 1.21126330868
1000 0.06 -1 1.20569389509
1000 0.07 -1 1.20022124707
1000 0.08 -1 1.19482553264
1000 0.09 -1 1.18947438916
1000 0.1 -1 1.18413863169
1000 0.12 -1 1.17343344397
1000 0.14 -1 1.16259438372
1000 0.15 -1 1.15710777798
1000 0.16 -1 1.15157180975
1000 0.18 -1 1.14035279892
1000 0.2 -1 1.12894612105
1000 0.25 -1 1.09974339965
1000 0.3 -1 1.06986983433
1000 10.0 -1 1.23223502615
1000 100.0 -1 1.18413863169
115 0.0 -1 0.358112852438
115 0.01 -1 1.1048224768
115 0.02 -1 1.16874071992
115 0.03 -1 1.214375524
115 0.04 -1 1.25811226966
115 0.05 -1 1.30247337246
115 0.06 -1 1.34731336797
115 0.07 -1 1.39203536868
115 0.08 -1 1.43601088858
115 0.09 -1 1.47871313915
115 0.1 -1 1.51969745617
115 0.12 -1 1.59519486348
115 0.14 -1 1.66090798278
115 0.15 -1 1.68992365431
115 0.16 -1 1.71637074922
115 0.18 -1 1.76181745127
115 0.2 -1 1.79787184504
115 0.25 -1 1.85209252997
115 0.3 -1 1.86519753243
115 10.0 -1 1.46589131546
115 100.0 -1 1.26633266416
120 0.0 -1 0.337180474954
120 0.01 -1 1.00139566522
120 0.02 -1 1.01683429502
120 0.03 -1 1.00015261907
120 0.04 -1 0.982146649329
120 0.05 -1 0.964503940801
120 0.06 -1 0.946487136183
120 0.07 -1 0.927694865185
120 0.08 -1 0.908015382322
120 0.09 -1 0.887547221271
120 0.1 -1 0.866421690958
120 0.12 -1 0.823110971021
120 0.14 -1 0.779589985162
120 0.15 -1 0.758153547384
120 0.16 -1 0.737087571352
120 0.18 -1 0.696400029319
120 0.2 -1 0.658031485256
120 0.25 -1 0.573263274108
120 0.3 -1 0.503775655703
120 10.0 -1 0.901270970108
120 100.0 -1 0.205457909876
124 0.0 -1 0.328502912494
124 0.01 -1 0.902252054643
124 0.02 -1 0.88682029842
124 0.03 -1 0.870063416537
124 0.04 -1 0.859179650352
124 0.05 -1 0.850686362237
124 0.06 -1 0.842675403247
124 0.07 -1 0.834281934252
124 0.08 -1 0.825211694287
124 0.09 -1 0.815397413715
124 0.1 -1 0.804844931128
124 0.12 -1 0.782009846291
124 0.14 -1 0.757572889298
124 0.15 -1 0.744989675632
124 0.16 -1 0.732277506066
124 0.18 -1 0.706677808981
124 0.2 -1 0.681183116362
124 0.25 -1 0.619726483674
124 0.3 -1 0.563463688345
124 10.0 -1 0.824602796221
124 100.0 -1 0.264659501142
125 0.0 -1 0.337274757922
125 0.01 -1 0.960977335918
125 0.02 -1 0.992054875962
125 0.03 -1 0.999999489515
125 0.04 -1 1.00207772404
125 0.05 -1 1.00148556839
125 0.06 -1 0.999575800417
125 0.07 -1 0.996701295655
125 0.08 -1 0.993315032357
125 0.09 -1 0.989229786941
125 0.1 -1 0.98447315691
125 0.12 -1 0.973609523452
125 0.14 -1 0.961434427345
125 0.15 -1 0.955015134631
125 0.16 -1 0.94857784559
125 0.18 -1 0.935621657573
125 0.2 -1 0.922777550292
125 0.25 -1 0.892228475295
125 0.3 -1 0.864050703169
125 10.0 -1 0.993315032357
125 100.0 -1 0.634188329744
126 0.0 -1 0.322806571059
126 0.01 -1 0.910670343761
126 0.02 -1 0.90130364189
126 0.03 -1 0.881053678482
126 0.04 -1 0.864323862704
126 0.05 -1 0.849663260283
126 0.06 -1 0.836060546708
126 0.07 -1 0.823142192547
126 0.08 -1 0.810614710918
126 0.09 -1 0.798270531505
126 0.1 -1 0.785941804643
126 0.12 -1 0.761003992391
126 0.14 -1 0.735428755892
126 0.15 -1 0.722449084015
126 0.16 -1 0.709367412397
126 0.18 -1 0.683143469271
126 0.2 -1 0.657085269324
126 0.25 -1 0.594595533586
126 0.3 -1 0.537986577535
126 10.0 -1 0.811400529489
126 100.0 -1 0.251674428268
130 0.0 -1 0.210753213948
130 0.01 -1 0.943615390254
130 0.02 -1 1.10357172185
130 0.03 -1 1.1828214024
130 0.04 -1 1.22865038259
130 0.05 -1 1.25384644759
130 0.06 -1 1.26610229518
130 0.07 -1 1.27011022274
130 0.08 -1 1.26889839531
130 0.09 -1 1.26425447743
130 0.1 -1 1.25727653575
130 0.12 -1 1.23862699974
130 0.14 -1 1.21564129211
130 0.15 -1 1.20289485418
130 0.16 -1 1.189458507
130 0.18 -1 1.16083877574
130 0.2 -1 1.1304287596
130 0.25 -1 1.05037275431
130 0.3 -1 0.97028362692
130 10.0 -1 1.26971270837
130 100.0 -1 0.49957681661
135 0.0 -1 0.24235716382
135 0.01 -1 1.05325580034
135 0.02 -1 1.15662465678
135 0.03 -1 1.17514546384
135 0.04 -1 1.17837022682
135 0.05 -1 1.17355712164
135 0.06 -1 1.16255520572
135 0.07 -1 1.14665163994
135 0.08 -1 1.12702990382
135 0.09 -1 1.10461633682
135 0.1 -1 1.0802396019
135 0.12 -1 1.02825035219
135 0.14 -1 0.974926315325
135 0.15 -1 0.948527510413
135 0.16 -1 0.922585795789
135 0.18 -1 0.872506890326
135 0.2 -1 0.82534945086
135 0.25 -1 0.721273481893
135 0.3 -1 0.635802397882
135 10.0 -1 1.13905246654
135 100.0 -1 0.293653839329
140 0.0 -1 0.233586567435
140 0.01 -1 0.89174198311
140 0.02 -1 0.972741350369
140 0.03 -1 1.00476165673
140 0.04 -1 1.03630908687
140 0.05 -1 1.06958408818
140 0.06 -1 1.10319755052
140 0.07 -1 1.13592172822
140 0.08 -1 1.16690260697
140 0.09 -1 1.19559366375
140 0.1 -1 1.22171420074
140 0.12 -1 1.26574602323
140 0.14 -1 1.2989493545
140 0.15 -1 1.31171107808
140 0.16 -1 1.32208914376
140 0.18 -1 1.33626635932
140 0.2 -1 1.34269936211
140 0.25 -1 1.33254714168
140 0.3 -1 1.29707601962
140 10.0 -1 1.14047818621
140 100.0 -1 0.861616338219
145 0.0 -1 0.28758703462
145 0.01 -1 1.19557070541
145 0.02 -1 1.48636274707
145 0.03 -1 1.68337536815
145 0.04 -1 1.85577022129
145 0.05 -1 2.01631787312
145 0.06 -1 2.16820601745
145 0.07 -1 2.31242829342
145 0.08 -1 2.44938153028
145 0.09 -1 2.57929376671
145 0.1 -1 2.70233237614
145 0.12 -1 2.92856664834
145 0.14 -1 3.12968019906
145 0.15 -1 3.2213838669
145 0.16 -1 3.30750436053
145 0.18 -1 3.46396642297
145 0.2 -1 3.60110379534
145 0.25 -1 3.87221880802
145 0.3 -1 4.06257807344
145 10.0 -1 2.29783443117
145 100.0 -1 4.3676201234
150 0.0 -1 0.338015177175
150 0.01 -1 1.26081099394
150 0.02 -1 1.64871846419
150 0.03 -1 1.97504831076
150 0.04 -1 2.28924104056
150 0.05 -1 2.59676408104
150 0.06 -1 2.89750209083
150 0.07 -1 3.19066709832
150 0.08 -1 3.47548099293
150 0.09 -1 3.75139622379
150 0.1 -1 4.01802215559
150 0.12 -1 4.52259526057
150 0.14 -1 4.98888796631
150 0.15 -1 5.20794424365
150 0.16 -1 5.41786066364
150 0.18 -1 5.81125326673
150 0.2 -1 6.17119768276
150 0.25 -1 6.93985057063
150 0.3 -1 7.54948934537
150 10.0 -1 3.09383337752
150 100.0 -1 9.43346294167
1500 0.0 -1 2.5219502773
1500 0.01 -1 1.30405770547
1500 0.02 -1 1.30146538394
1500 0.03 -1 1.29983367463
1500 0.04 -1 1.29785752212
1500 0.05 -1 1.295628951
1500 0.06 -1 1.29323308651
1500 0.07 -1 1.29070534745
1500 0.08 -1 1.28806372251
1500 0.09 -1 1.28531006054
1500 0.1 -1 1.28244059605
1500 0.12 -1 1.27634046793
1500 0.14 -1 1.26974176665
1500 0.15 -1 1.26625573982
1500 0.16 -1 1.26264596112
1500 0.18 -1 1.25506289401
1500 0.2 -1 1.24701654339
1500 0.25 -1 1.22505728449
1500 0.3 -1 1.20085844235
1500 10.0 -1 1.30844066377
1500 100.0 -1 1.29156082704
155 0.0 -1 0.461274408335
155 0.01 -1 1.80572244406
155 0.02 -1 2.62779962116
155 0.03 -1 3.37902140837
155 0.04 -1 4.10192291287
155 0.05 -1 4.80109915347
155 0.06 -1 5.47785796569
155 0.07 -1 6.13336460395
155 0.08 -1 6.76880639574
155 0.09 -1 7.38529535277
155 0.1 -1 7.98394080746
155 0.12 -1 9.13164637914
155 0.14 -1 10.2188801957
155 0.15 -1 10.7417106776
155 0.16 -1 11.2515557915
155 0.18 -1 12.2347095938
155 0.2 -1 13.1727168518
155 0.25 -1 15.3441440082
155 0.3 -1 17.3038759029
155 10.0 -1 5.77645814073
155 100.0 -1 27.0493184761
160 0.0 -1 0.707673883639
160 0.01 -1 1.57764179257
160 0.02 -1 2.24854222789
160 0.03 -1 2.86615637279
160 0.04 -1 3.462445312
160 0.05 -1 4.0438260147
160 0.06 -1 4.61354876146
160 0.07 -1 5.17352102919
160 0.08 -1 5.72513704399
160 0.09 -1 6.26932680177
160 0.1 -1 6.80683596064
160 0.12 -1 7.86379792508
160 0.14 -1 8.8991732953
160 0.15 -1 9.40946402205
160 0.16 -1 9.91512941222
160 0.18 -1 10.9132877994
160 0.2 -1 11.8949633887
160 0.25 -1 14.2838788232
160 0.3 -1 16.5896694747
160 10.0 -1 4.75437535083
160 100.0 -1 30.0698351561
165 0.0 -1 1.12558978549
165 0.01 -1 1.33047903391
165 0.02 -1 1.60037378746
165 0.03 -1 1.8456935377
165 0.04 -1 2.0901716296
165 0.05 -1 2.33488538379
165 0.06 -1 2.57917194355
165 0.07 -1 2.82234162975
165 0.08 -1 3.06403851851
165 0.09 -1 3.3039950898
165 0.1 -1 3.54206632712
165 0.12 -1 4.01239732929
165 0.14 -1 4.47503083924
165 0.15 -1 4.70354629051
165 0.16 -1 4.93026627287
165 0.18 -1 5.37853449593
165 0.2 -1 5.82027487248
165 0.25 -1 6.89884451636
165 0.3 -1 7.94525263506
165 10.0 -1 2.5939269409
165 100.0 -1 13.8547001296
170 0.0 -1 1.47110437045
170 0.01 -1 1.12749911825
170 0.02 -1 1.27692618322
170 0.03 -1 1.41906878059
170 0.04 -1 1.56294831083
170 0.05 -1 1.7083745623
170 0.06 -1 1.85474316797
170 0.07 -1 2.00161891591
170 0.08 -1 2.14858317621
170 0.09 -1 2.29541477249
170 0.1 -1 2.44190064804
170 0.12 -1 2.73340959385
170 0.14 -1 3.02251121566
170 0.15 -1 3.1660770895
170 0.16 -1 3.30896250943
170 0.18 -1 3.59267354317
170 0.2 -1 3.87361785385
170 0.25 -1 4.56414695045
170 0.3 -1 5.23846731285
170 10.0 -1 1.83749740333
170 100.0 -1 8.85689094704
175 0.0 -1 1.53686958661
175 0.01 -1 1.12479497595
175 0.02 -1 1.25732006619
175 0.03 -1 1.38237092848
175 0.04 -1 1.50843898979
175 0.05 -1 1.63542289437
175 0.06 -1 1.76272380553
175 0.07 -1 1.88989320013
175 0.08 -1 2.01662747352
175 0.09 -1 2.14273386683
175 0.1 -1 2.26810625422
175 0.12 -1 2.51641791994
175 0.14 -1 2.76135069141
175 0.15 -1 2.88255092902
175 0.16 -1 3.00292474519
175 0.18 -1 3.24126818025
175 0.2 -1 3.47652692564
175 0.25 -1 4.05229501178
175 0.3 -1 4.61224848374
175 10.0 -1 1.72634029254
175 100.0 -1 7.43876076743
180 0.0 -1 1.63476605781
180 0.01 -1 1.09098202543
180 0.02 -1 1.19841263091
180 0.03 -1 1.29657009325
180 0.04 -1 1.39366377837
180 0.05 -1 1.49055766425
180 0.06 -1 1.58724640912
180 0.07 -1 1.68372541808
180 0.08 -1 1.77991098676
180 0.09 -1 1.87575688503
180 0.1 -1 1.97126080209
180 0.12 -1 2.16112247267
180 0.14 -1 2.34939371574
180 0.15 -1 2.44290707045
180 0.16 -1 2.53599661327
180 0.18 -1 2.72088238798
180 0.2 -1 2.90399943582
180 0.25 -1 3.35394760377
180 0.3 -1 3.79262908289
180 10.0 -1 1.54430049772
180 100.0 -1 5.87007153528
190 0.0 -1 1.70633565709
190 0.01 -1 1.03455400633
190 0.02 -1 1.09843640165
190 0.03 -1 1.16039031312
190 0.04 -1 1.22257806566
190 0.05 -1 1.28518281834
190 0.06 -1 1.34819804481
190 0.07 -1 1.41147795199
190 0.08 -1 1.47491743746
190 0.09 -1 1.53840259318
190 0.1 -1 1.60184856685
190 0.12 -1 1.72838395095
190 0.14 -1 1.85418899524
190 0.15 -1 1.91675727243
190 0.16 -1 1.9790896078
190 0.18 -1 2.10301222862
190 0.2 -1 2.22591797274
190 0.25 -1 2.5286917133
190 0.3 -1 2.82509968177
190 10.0 -1 1.30172921002
190 100.0 -1 4.0912297465
200 0.0 -1 1.67712674728
200 0.01 -1 1.01815652804
200 0.02 -1 1.07299803027
200 0.03 -1 1.12433274932
200 0.04 -1 1.17464096412
200 0.05 -1 1.22434283296
200 0.06 -1 1.27363344885
200 0.07 -1 1.32260381282
200 0.08 -1 1.3713301965
200 0.09 -1 1.41986876726
200 0.1 -1 1.46825623335
200 0.12 -1 1.56467752821
200 0.14 -1 1.66074718306
200 0.15 -1 1.7086663763
200 0.16 -1 1.75650875531
200 0.18 -1 1.8519707185
200 0.2 -1 1.94711378476
200 0.25 -1 2.18336052959
200 0.3 -1 2.41687175219
200 10.0 -1 1.22434283296
200 100.0 -1 3.31499813793
2000 0.0 -1 2.19726383361
2000 0.01 -1 1.43866813554
2000 0.02 -1 1.4430384821
2000 0.03 -1 1.44137441526
2000 0.04 -1 1.43773444711
2000 0.05 -1 1.43344804548
2000 0.06 -1 1.42896663038
2000 0.07 -1 1.42444441999
2000 0.08 -1 1.41992041493
2000 0.09 -1 1.41539435504
2000 0.1 -1 1.41085764038
2000 0.12 -1 1.40170510913
2000 0.14 -1 1.39239066991
2000 0.15 -1 1.38765639911
2000 0.16 -1 1.38286692751
2000 0.18 -1 1.37310942789
2000 0.2 -1 1.36310376953
2000 0.25 -1 1.3369951277
2000 0.3 -1 1.30939913262
2000 10.0 -1 1.43373829854
2000 100.0 -1 1.43344804548
210 0.0 -1 1.62903427539
210 0.01 -1 1.00761866633
210 0.02 -1 1.05871936353
210 0.03 -1 1.10764816397
210 0.04 -1 1.15564839263
210 0.05 -1 1.2029062541
210 0.06 -1 1.24963947942
210 0.07 -1 1.29600380617
210 0.08 -1 1.34211544842
210 0.09 -1 1.38806906489
210 0.1 -1 1.43390160958
210 0.12 -1 1.52530992293
210 0.14 -1 1.61639454523
210 0.15 -1 1.66180260781
210 0.16 -1 1.7071051998
210 0.18 -1 1.79735082622
210 0.2 -1 1.8870582551
210 0.25 -1 2.10856428702
210 0.3 -1 2.32567045487
210 10.0 -1 1.19171361276
210 100.0 -1 3.05312871303
230 0.0 -1 1.54832361137
230 0.01 -1 0.991604855872
230 0.02 -1 1.03753055364
230 0.03 -1 1.07917214026
230 0.04 -1 1.11866604279
230 0.05 -1 1.15709297339
230 0.06 -1 1.19494170642
230 0.07 -1 1.23242788555
230 0.08 -1 1.26967873826
230 0.09 -1 1.30671917788
230 0.1 -1 1.34357183702
230 0.12 -1 1.41670670714
230 0.14 -1 1.48907987444
230 0.15 -1 1.52498003708
230 0.16 -1 1.56068907846
230 0.18 -1 1.63153745123
230 0.2 -1 1.70163349293
230 0.25 -1 1.87364179719
230 0.3 -1 2.04107662468
230 10.0 -1 1.13212205608
230 100.0 -1 2.46950257128
250 0.0 -1 1.44754085589
250 0.01 -1 0.981073312922
250 0.02 -1 1.01504233657
250 0.03 -1 1.04775826097
250 0.04 -1 1.08025525808
250 0.05 -1 1.1126803063
250 0.06 -1 1.14502572494
250 0.07 -1 1.17725234148
250 0.08 -1 1.20931550526
250 0.09 -1 1.24118721214
250 0.1 -1 1.27284727836
250 0.12 -1 1.33551184158
250 0.14 -1 1.39729142547
250 0.15 -1 1.42785703429
250 0.16 -1 1.45821366413
250 0.18 -1 1.51830819898
250 0.2 -1 1.57760307452
250 0.25 -1 1.72244040557
250 0.3 -1 1.86251152303
250 10.0 -1 1.08025525808
250 100.0 -1 2.12841026404
2500 0.0 -1 0.585752967488
2500 0.01 -1 1.25492215566
2500 0.02 -1 1.24729755414
2500 0.03 -1 1.24641060011
2500 0.04 -1 1.246762791
2500 0.05 -1 1.24751107462
2500 0.06 -1 1.24846114323
2500 0.07 -1 1.24953469039
2500 0.08 -1 1.25067574566
2500 0.09 -1 1.25184334082
2500 0.1 -1 1.25300136988
2500 0.12 -1 1.25516873085
2500 0.14 -1 1.25699177756
2500 0.15 -1 1.2577331716
2500 0.16 -1 1.2583455939
2500 0.18 -1 1.25914906104
2500 0.2 -1 1.25935143818
2500 0.25 -1 1.25707819792
2500 0.3 -1 1.25082665181
2500 10.0 -1 1.22588872706
2500 100.0 -1 1.246762791
270 0.0 -1 2.35612650725
270 0.01 -1 0.973184929374
270 0.02 -1 1.0007248886
270 0.03 -1 1.02855985958
270 0.04 -1 1.05632919936
270 0.05 -1 1.08402544449
270 0.06 -1 1.11163624409
270 0.07 -1 1.1391393282
270 0.08 -1 1.16648909707
270 0.09 -1 1.19367061538
270 0.1 -1 1.22065358834
270 0.12 -1 1.27400143917
270 0.14 -1 1.32646761999
270 0.15 -1 1.35236053512
270 0.16 -1 1.37802025576
270 0.18 -1 1.42863299675
270 0.2 -1 1.47829645137
270 0.25 -1 1.59824340835
270 0.3 -1 1.71216374246
270 10.0 -1 1.04810763319
270 100.0 -1 1.86243054171
300 0.0 -1 2.11073565784
300 0.01 -1 0.955997854814
300 0.02 -1 0.982190980261
300 0.03 -1 1.00706647355
300 0.04 -1 1.03150008776
300 0.05 -1 1.05569462748
300 0.06 -1 1.0796844079
300 0.07 -1 1.10340631772
300 0.08 -1 1.1268719434
300 0.09 -1 1.15005058467
300 0.1 -1 1.17292899325
300 0.12 -1 1.21770805645
300 0.14 -1 1.26115265739
300 0.15 -1 1.28236084033
300 0.16 -1 1.3032193759
300 0.18 -1 1.34388832589
300 0.2 -1 1.38316358783
300 0.25 -1 1.47539057547
300 0.3 -1 1.55947640643
300 10.0 -1 1.01522131348
300 100.0 -1 1.61130841533
3000 0.0 -1 1.83135253827
3000 0.01 -1 1.04713485542
3000 0.02 -1 1.05085640602
3000 0.03 -1 1.05294537892
3000 0.04 -1 1.05622214802
3000 0.05 -1 1.06030763258
3000 0.06 -1 1.0648426832
3000 0.07 -1 1.06962541039
3000 0.08 -1 1.07454438722
3000 0.09 -1 1.07953304777
3000 0.1 -1 1.08454597725
3000 0.12 -1 1.09451222788
3000 0.14 -1 1.1042262203
3000 0.15 -1 1.10893735407
3000 0.16 -1 1.11352740034
3000 0.18 -1 1.12228872314
3000 0.2 -1 1.13041705811
3000 0.25 -1 1.14755960166
3000 0.3 -1 1.15977055483
3000 10.0 -1 1.05680574037
3000 100.0 -1 1.05391853797
350 0.0 -1 1.89146997688
350 0.01 -1 0.957286736112
350 0.02 -1 0.971228607153
350 0.03 -1 0.984554250083
350 0.04 -1 0.996981808713
350 0.05 -1 1.00852808714
350 0.06 -1 1.01928695149
350 0.07 -1 1.02931227984
350 0.08 -1 1.03869612759
350 0.09 -1 1.04749282316
350 0.1 -1 1.05575513045
350 0.12 -1 1.07086246072
350 0.14 -1 1.08431413593
350 0.15 -1 1.09050011465
350 0.16 -1 1.09635315704
350 0.18 -1 1.10716980571
350 0.2 -1 1.11691287216
350 0.25 -1 1.13738529413
350 0.3 -1 1.15341566371
350 10.0 -1 0.982705700111
350 100.0 -1 1.14922195602
400 0.0 -1 1.76218938566
400 0.01 -1 1.0384048565
400 0.02 -1 1.0378588849
400 0.03 -1 1.03066106099
400 0.04 -1 1.02219755511
400 0.05 -1 1.01362344964
400 0.06 -1 1.00526883225
400 0.07 -1 0.997219029424
400 0.08 -1 0.989508982562
400 0.09 -1 0.982128727376
400 0.1 -1 0.975065958079
400 0.12 -1 0.961819981379
400 0.14 -1 0.949634126977
400 0.15 -1 0.943895107324
400 0.16 -1 0.938374568567
400 0.18 -1 0.927924530168
400 0.2 -1 0.918188066824
400 0.25 -1 0.896435304877
400 0.3 -1 0.877608143454
400 10.0 -1 1.03456672367
400 100.0 -1 0.896435304877
4000 0.0 -1 0.801129914206
4000 0.01 -1 0.537646081068
4000 0.02 -1 0.553248916094
4000 0.03 -1 0.569096054771
4000 0.04 -1 0.584374574152
4000 0.05 -1 0.599264018088
4000 0.06 -1 0.61393678175
4000 0.07 -1 0.62847400612
4000 0.08 -1 0.642902209624
4000 0.09 -1 0.657222453788
4000 0.1 -1 0.671424138251
4000 0.12 -1 0.69940979925
4000 0.14 -1 0.726727020143
4000 0.15 -1 0.74009536734
4000 0.16 -1 0.753250772521
4000 0.18 -1 0.778873364519
4000 0.2 -1 0.803505427127
4000 0.25 -1 0.860322461689
4000 0.3 -1 0.909831495832
4000 10.0 -1 0.548655399197
4000 100.0 -1 0.561241555747
450 0.0 -1 1.77373151331
450 0.01 -1 1.09191835745
450 0.02 -1 1.08009786863
450 0.03 -1 1.06770554582
450 0.04 -1 1.05568531754
450 0.05 -1 1.04408085237
450 0.06 -1 1.03286146512
450 0.07 -1 1.02200184591
450 0.08 -1 1.01148429258
450 0.09 -1 1.00129202417
450 0.1 -1 0.991404743066
450 0.12 -1 0.972491857965
450 0.14 -1 0.954652446502
450 0.15 -1 0.946107788259
450 0.16 -1 0.937800382364
450 0.18 -1 0.9218533786
450 0.2 -1 0.906751681753
450 0.25 -1 0.872298096158
450 0.3 -1 0.841920570555
450 10.0 -1 1.07732921084
450 100.0 -1 0.89088682038
500 0.0 -1 1.76440942205
500 0.01 -1 1.11736170804
500 0.02 -1 1.10532660245
500 0.03 -1 1.09383975976
500 0.04 -1 1.08225863885
500 0.05 -1 1.07082366545
500 0.06 -1 1.05963438758
500 0.07 -1 1.04869928332
500 0.08 -1 1.03801538005
500 0.09 -1 1.02755709496
500 0.1 -1 1.01732217196
500 0.12 -1 0.997461520662
500 0.14 -1 0.978378474551
500 0.15 -1 0.969120856346
500 0.16 -1 0.960045121974
500 0.18 -1 0.942432829932
500 0.2 -1 0.925527936666
500 0.25 -1 0.886169446159
500 0.3 -1 0.850650916676
500 10.0 -1 1.10532660245
500 100.0 -1 0.925527936666
5000 0.0 -1 0.0888801190341
5000 0.01 -1 0.203710588719
5000 0.02 -1 0.218773988414
5000 0.03 -1 0.236673819073
5000 0.04 -1 0.255752601388
5000 0.05 -1 0.275280018118
5000 0.06 -1 0.294956252713
5000 0.07 -1 0.314646697495
5000 0.08 -1 0.33428119209
5000 0.09 -1 0.353816505707
5000 0.1 -1 0.373221740547
5000 0.12 -1 0.411547479622
5000 0.14 -1 0.449098594183
5000 0.15 -1 0.46754261814
5000 0.16 -1 0.485746476579
5000 0.18 -1 0.521383137179
5000 0.2 -1 0.555918129434
5000 0.25 -1 0.636971455337
5000 0.3 -1 0.709867917445
5000 10.0 -1 0.14758851775
5000 100.0 -1 0.218773988414
550 0.0 -1 2.80321652849
550 0.01 -1 1.13981520587
550 0.02 -1 1.12757224826
550 0.03 -1 1.11582259769
550 0.04 -1 1.10457043821
550 0.05 -1 1.09368879433
550 0.06 -1 1.08305228317
550 0.07 -1 1.07263279236
550 0.08 -1 1.06239552822
550 0.09 -1 1.05233466253
550 0.1 -1 1.04243035175
550 0.12 -1 1.02309160249
550 0.14 -1 1.00437168707
550 0.15 -1 0.99523560581
550 0.16 -1 0.986244340455
550 0.18 -1 0.96870454101
550 0.2 -1 0.951737683715
550 0.25 -1 0.911766479094
550 0.3 -1 0.875112286495
550 10.0 -1 1.12975993348
550 100.0 -1 0.967139542489
600 0.0 -1 2.66060387952
600 0.01 -1 1.16729228568
600 0.02 -1 1.15384991297
600 0.03 -1 1.14124337431
600 0.04 -1 1.12944008204
600 0.05 -1 1.11824571705
600 0.06 -1 1.10748272116
600 0.07 -1 1.09704953228
600 0.08 -1 1.0868857169
600 0.09 -1 1.07692750114
600 0.1 -1 1.06714716173
600 0.12 -1 1.0480791953
600 0.14 -1 1.029581778
600 0.15 -1 1.02052440695
600 0.16 -1 1.01160062705
600 0.18 -1 0.994131335246
600 0.2 -1 0.977151472424
600 0.25 -1 0.936813890888
600 0.3 -1 0.899372452822
600 10.0 -1 1.15825166201
600 100.0 -1 1.00572227004
650 0.0 -1 2.49768846332
650 0.01 -1 1.16568857606
650 0.02 -1 1.15487559951
650 0.03 -1 1.14615449476
650 0.04 -1 1.13790872614
650 0.05 -1 1.12966808193
650 0.06 -1 1.12130853368
650 0.07 -1 1.11283309745
650 0.08 -1 1.10426365822
650 0.09 -1 1.09563992858
650 0.1 -1 1.08697743016
650 0.12 -1 1.06964420818
650 0.14 -1 1.05241101677
650 0.15 -1 1.04386169986
650 0.16 -1 1.03537531985
650 0.18 -1 1.01860819011
650 0.2 -1 1.00215242149
650 0.25 -1 0.962535833896
650 0.3 -1 0.925241897709
650 10.0 -1 1.15943810299
650 100.0 -1 1.04058947402
700 0.0 -1 2.24019439241
700 0.01 -1 1.17091590948
700 0.02 -1 1.16923077765
700 0.03 -1 1.16264836026
700 0.04 -1 1.15506477564
700 0.05 -1 1.14714448496
700 0.06 -1 1.13907009227
700 0.07 -1 1.13090573155
700 0.08 -1 1.12269522435
700 0.09 -1 1.11445216555
700 0.1 -1 1.10620698026
700 0.12 -1 1.08974074566
700 0.14 -1 1.07337837897
700 0.15 -1 1.06525260747
700 0.16 -1 1.05717207151
700 0.18 -1 1.04115684866
700 0.2 -1 1.0253663583
700 0.25 -1 0.987002579143
700 0.3 -1 0.95039557764
700 10.0 -1 1.17149485934
700 100.0 -1 1.07105422246
750 0.0 -1 2.15927271966
750 0.01 -1 1.17835928963
750 0.02 -1 1.17380176754
750 0.03 -1 1.16771541478
750 0.04 -1 1.16115912174
750 0.05 -1 1.1543178849
750 0.06 -1 1.14730011659
750 0.07 -1 1.14017641609
750 0.08 -1 1.13298108159
750 0.09 -1 1.12573566653
750 0.1 -1 1.11845654813
750 0.12 -1 1.10382937813
750 0.14 -1 1.08915669695
750 0.15 -1 1.08181994434
750 0.16 -1 1.07448768835
750 0.18 -1 1.0598634477
750 0.2 -1 1.04531847271
750 0.25 -1 1.00950485797
750 0.3 -1 0.974751529647
750 10.0 -1 1.17729108786
750 100.0 -1 1.09405006317
800 0.0 -1 2.19644205731
800 0.01 -1 1.20380457115
800 0.02 -1 1.19350714674
800 0.03 -1 1.18582817467
800 0.04 -1 1.17867957528
800 0.05 -1 1.17164281361
800 0.06 -1 1.16462962458
800 0.07 -1 1.15761350309
800 0.08 -1 1.15058698448
800 0.09 -1 1.1435401118
800 0.1 -1 1.13647865712
800 0.12 -1 1.12231350541
800 0.14 -1 1.1081071345
800 0.15 -1 1.10100033316
800 0.16 -1 1.09389151952
800 0.18 -1 1.0796932864
800 0.2 -1 1.06553678989
800 0.25 -1 1.03051008326
800 0.3 -1 0.996251468734
800 10.0 -1 1.20066878765
800 100.0 -1 1.11876373301
900 0.0 -1 1.9923199031
900 0.01 -1 1.20476766674
900 0.02 -1 1.20450411177
900 0.03 -1 1.20068517589
900 0.04 -1 1.19590441395
900 0.05 -1 1.1907527635
900 0.06 -1 1.18538773763
900 0.07 -1 1.17985779872
900 0.08 -1 1.17418311486
900 0.09 -1 1.16838431736
900 0.1 -1 1.16247756956
900 0.12 -1 1.15039965378
900 0.14 -1 1.13804956594
900 0.15 -1 1.13179314428
900 0.16 -1 1.1254948259
900 0.18 -1 1.11279676511
900 0.2 -1 1.09999857953
900 0.25 -1 1.06779296687
900 0.3 -1 1.03563827584
900 10.0 -1 1.20512810932
900 100.0 -1 1.15580646297
