1000 0.0 -1 1.8777899776
1000 0.01 -1 1.22573025269
1000 0.02 -1 1.22055166458
1000 0.03 -1 1.21588892373
1000 0.04 -1 1.21125763823
1000 0.05 -1 1.2066012352
1000 0.06 -1 1.20192462083
1000 0.07 -1 1.19721297802
1000 0.08 -1 1.19245013026
1000 0.09 -1 1.18761408772
1000 0.1 -1 1.18269842382
1000 0.12 -1 1.17260622093
1000 0.14 -1 1.16217256188
1000 0.15 -1 1.1568320935
1000 0.16 -1 1.15141706158
1000 0.18 -1 1.14037141302
1000 0.2 -1 1.1290735431
1000 0.25 -1 1.09997450937
1000 0.3 -1 1.07007840647
1000 10.0 -1 1.22573025269
1000 100.0 -1 1.18269838217
115 0.0 -1 0.328265785897
115 0.01 -1 1.03294070089
115 0.02 -1 1.09901301302
115 0.03 -1 1.13242830837
115 0.04 -1 1.15353890249
115 0.05 -1 1.16740431942
115 0.06 -1 1.17619590156
115 0.07 -1 1.18154088611
115 0.08 -1 1.18490880585
115 0.09 -1 1.18693815841
115 0.1 -1 1.18807966565
115 0.12 -1 1.18860188047
115 0.14 -1 1.18732639633
115 0.15 -1 1.18612115888
115 0.16 -1 1.1845314145
115 0.18 -1 1.1801115362
115 0.2 -1 1.17402707872
115 0.25 -1 1.15187054953
115 0.3 -1 1.12159072387
115 10.0 -1 1.18642848592
115 100.0 -1 0.70455665243
120 0.0 -1 0.313463486168
120 0.01 -1 0.942086652605
120 0.02 -1 0.963913926248
120 0.03 -1 0.94666760857
120 0.04 -1 0.919935165797
120 0.05 -1 0.890192100002
120 0.06 -1 0.860370941203
120 0.07 -1 0.831400204281
120 0.08 -1 0.803763256208
120 0.09 -1 0.777675059713
120 0.1 -1 0.753264911615
120 0.12 -1 0.709302831694
120 0.14 -1 0.671490722699
120 0.15 -1 0.654566844338
120 0.16 -1 0.638847718261
120 0.18 -1 0.610526886232
120 0.2 -1 0.585729620285
120 0.25 -1 0.535105904584
120 0.3 -1 0.495390497403
120 10.0 -1 0.794891915463
120 100.0 -1 0.277011116892
124 0.0 -1 0.342854285764
124 0.01 -1 1.01343336226
124 0.02 -1 1.07141011038
124 0.03 -1 1.10916321748
124 0.04 -1 1.14515670578
124 0.05 -1 1.17937731655
124 0.06 -1 1.21120140825
124 0.07 -1 1.24031111767
124 0.08 -1 1.26728559514
124 0.09 -1 1.29212135923
124 0.1 -1 1.31515337291
124 0.12 -1 1.35627497799
124 0.14 -1 1.39146752309
124 0.15 -1 1.40704609399
124 0.16 -1 1.4213489609
124 0.18 -1 1.44618446264
124 0.2 -1 1.46622268234
124 0.25 -1 1.49714024745
124 0.3 -1 1.50490228621
124 10.0 -1 1.26895393388
124 100.0 -1 1.14380719144
125 0.0 -1 0.339980492656
125 0.01 -1 0.995639907687
125 0.02 -1 1.04547887077
125 0.03 -1 1.06442067604
125 0.04 -1 1.07538673822
125 0.05 -1 1.08498678732
125 0.06 -1 1.09418006117
125 0.07 -1 1.10311776052
125 0.08 -1 1.1124567983
125 0.09 -1 1.12168193104
125 0.1 -1 1.13049405797
125 0.12 -1 1.14618433543
125 0.14 -1 1.15911266317
125 0.15 -1 1.16428746927
125 0.16 -1 1.16854365229
125 0.18 -1 1.17441764003
125 0.2 -1 1.17684499989
125 0.25 -1 1.16978956812
125 0.3 -1 1.14854600386
125 10.0 -1 1.1124567983
125 100.0 -1 0.781898895042
126 0.0 -1 0.34270474494
126 0.01 -1 1.00872424687
126 0.02 -1 1.06380393203
126 0.03 -1 1.09379061364
126 0.04 -1 1.11837192724
126 0.05 -1 1.13902852464
126 0.06 -1 1.15700147302
126 0.07 -1 1.17234226713
126 0.08 -1 1.18527177873
126 0.09 -1 1.19631957675
126 0.1 -1 1.20555421972
126 0.12 -1 1.2196236582
126 0.14 -1 1.22878612661
126 0.15 -1 1.23179549476
126 0.16 -1 1.23398854423
126 0.18 -1 1.23606175774
126 0.2 -1 1.23548014492
126 0.25 -1 1.22483682742
126 0.3 -1 1.20443743896
126 10.0 -1 1.1845083321
126 100.0 -1 0.871486338896
130 0.0 -1 0.204941675264
130 0.01 -1 0.920473117485
130 0.02 -1 1.05126764635
130 0.03 -1 1.09523965069
130 0.04 -1 1.11858656458
130 0.05 -1 1.13356843466
130 0.06 -1 1.14410396362
130 0.07 -1 1.1517165077
130 0.08 -1 1.15682139772
130 0.09 -1 1.15980309544
130 0.1 -1 1.16104588917
130 0.12 -1 1.1588701317
130 0.14 -1 1.15189491803
130 0.15 -1 1.14697250097
130 0.16 -1 1.14125208871
130 0.18 -1 1.12796699937
130 0.2 -1 1.11276028486
130 0.25 -1 1.07002578851
130 0.3 -1 1.02470622309
130 10.0 -1 1.15547213531
130 100.0 -1 0.678204627322
135 0.0 -1 0.212687248445
135 0.01 -1 0.910248855417
135 0.02 -1 1.05114873777
135 0.03 -1 1.12282102796
135 0.04 -1 1.17738844889
135 0.05 -1 1.22433239274
135 0.06 -1 1.26709663841
135 0.07 -1 1.30708568847
135 0.08 -1 1.34482849015
135 0.09 -1 1.38065339436
135 0.1 -1 1.414820103
135 0.12 -1 1.47818018131
135 0.14 -1 1.53536318541
135 0.15 -1 1.56167769702
135 0.16 -1 1.58647855129
135 0.18 -1 1.63169092907
135 0.2 -1 1.67122529652
135 0.25 -1 1.74685195653
135 0.3 -1 1.79348547371
135 10.0 -1 1.32272392171
135 100.0 -1 1.65403225329
140 0.0 -1 0.241708999815
140 0.01 -1 0.973045831383
140 0.02 -1 1.12543814118
140 0.03 -1 1.20999662103
140 0.04 -1 1.28103436709
140 0.05 -1 1.34667985253
140 0.06 -1 1.40873656107
140 0.07 -1 1.46786264504
140 0.08 -1 1.52423676348
140 0.09 -1 1.57760565995
140 0.1 -1 1.62803488776
140 0.12 -1 1.71968816195
140 0.14 -1 1.79950586056
140 0.15 -1 1.83513004377
140 0.16 -1 1.86813056727
140 0.18 -1 1.92671052874
140 0.2 -1 1.97627835712
140 0.25 -1 2.06796295654
140 0.3 -1 2.12445444705
140 10.0 -1 1.4761086548
140 100.0 -1 2.05715202557
145 0.0 -1 0.284049214028
145 0.01 -1 1.14189848307
145 0.02 -1 1.38695996366
145 0.03 -1 1.55974229474
145 0.04 -1 1.71792822881
145 0.05 -1 1.86874730313
145 0.06 -1 2.01345364934
145 0.07 -1 2.15220779912
145 0.08 -1 2.28488817438
145 0.09 -1 2.4115818668
145 0.1 -1 2.53210836989
145 0.12 -1 2.75536683339
145 0.14 -1 2.95558883805
145 0.15 -1 3.0475245189
145 0.16 -1 3.13430937145
145 0.18 -1 3.29335048997
145 0.2 -1 3.43457402963
145 0.25 -1 3.7216022793
145 0.3 -1 3.93355746794
145 10.0 -1 2.13811571453
145 100.0 -1 4.40347609973
150 0.0 -1 0.352477842673
150 0.01 -1 1.44011062482
150 0.02 -1 2.03798918487
150 0.03 -1 2.57121363079
150 0.04 -1 3.08284762683
150 0.05 -1 3.57651232095
150 0.06 -1 4.05294204224
150 0.07 -1 4.51179041892
150 0.08 -1 4.95326342831
150 0.09 -1 5.37740609551
150 0.1 -1 5.78463016057
150 0.12 -1 6.55007504671
150 0.14 -1 7.25374242902
150 0.15 -1 7.58389731589
150 0.16 -1 7.90037006526
150 0.18 -1 8.49466033501
150 0.2 -1 9.04113386778
150 0.25 -1 10.2252562594
150 0.3 -1 11.1927934561
150 10.0 -1 4.36069812118
150 100.0 -1 14.6380138975
1500 0.0 -1 2.4208079212
1500 0.01 -1 1.27529613642
1500 0.02 -1 1.27590513249
1500 0.03 -1 1.27560298814
1500 0.04 -1 1.27509745782
1500 0.05 -1 1.27438770756
1500 0.06 -1 1.27341474224
1500 0.07 -1 1.27216747021
1500 0.08 -1 1.27065065728
1500 0.09 -1 1.26888588298
1500 0.1 -1 1.26688932957
1500 0.12 -1 1.26226372227
1500 0.14 -1 1.25688568738
1500 0.15 -1 1.25394210541
1500 0.16 -1 1.2508383579
1500 0.18 -1 1.24418550871
1500 0.2 -1 1.23698350978
1500 0.25 -1 1.21686817893
1500 0.3 -1 1.19424291184
1500 10.0 -1 1.27577287587
1500 100.0 -1 1.2726117647
155 0.0 -1 0.492059383344
155 0.01 -1 2.12860920891
155 0.02 -1 3.27080299673
155 0.03 -1 4.33335339046
155 0.04 -1 5.35780213293
155 0.05 -1 6.34835841185
155 0.06 -1 7.30760602878
155 0.07 -1 8.23767805236
155 0.08 -1 9.14039628416
155 0.09 -1 10.0178755261
155 0.1 -1 10.8720298305
155 0.12 -1 12.5171695881
155 0.14 -1 14.087369035
155 0.15 -1 14.8474438298
155 0.16 -1 15.5922423869
155 0.18 -1 17.0392278165
155 0.2 -1 18.4344392997
155 0.25 -1 21.7256540226
155 0.3 -1 24.7769024602
155 10.0 -1 7.73119925265
155 100.0 -1 41.3493165896
160 0.0 -1 0.718161831915
160 0.01 -1 1.72850395854
160 0.02 -1 2.54591398088
160 0.03 -1 3.30322576722
160 0.04 -1 4.03544419818
160 0.05 -1 4.74932640812
160 0.06 -1 5.4482272201
160 0.07 -1 6.13467681046
160 0.08 -1 6.81044566237
160 0.09 -1 7.47684229399
160 0.1 -1 8.13506649297
160 0.12 -1 9.43003973515
160 0.14 -1 10.7005099539
160 0.15 -1 11.3276457355
160 0.16 -1 11.9498590564
160 0.18 -1 13.1805412306
160 0.2 -1 14.3943733553
160 0.25 -1 17.3634538409
160 0.3 -1 20.2504408154
160 10.0 -1 5.62088776784
160 100.0 -1 37.5169452275
165 0.0 -1 1.12519793106
165 0.01 -1 1.3690875977
165 0.02 -1 1.68751149176
165 0.03 -1 1.97688229255
165 0.04 -1 2.26439621571
165 0.05 -1 2.55179962509
165 0.06 -1 2.83916722431
165 0.07 -1 3.12600996048
165 0.08 -1 3.41174284012
165 0.09 -1 3.69620380388
165 0.1 -1 3.97923721859
165 0.12 -1 4.54020202016
165 0.14 -1 5.09426078573
165 0.15 -1 5.36861880389
165 0.16 -1 5.64121636977
165 0.18 -1 6.18131475318
165 0.2 -1 6.7146551004
165 0.25 -1 8.02051111107
165 0.3 -1 9.29022613434
165 10.0 -1 2.85663212298
165 100.0 -1 16.4555328116
170 0.0 -1 1.4714818206
170 0.01 -1 1.13829541054
170 0.02 -1 1.3065063671
170 0.03 -1 1.46774063321
170 0.04 -1 1.63044223827
170 0.05 -1 1.79466861896
170 0.06 -1 1.9595919964
170 0.07 -1 2.12482757492
170 0.08 -1 2.29020507355
170 0.09 -1 2.45538128414
170 0.1 -1 2.62018033257
170 0.12 -1 2.94835709367
170 0.14 -1 3.27409130454
170 0.15 -1 3.43589357662
170 0.16 -1 3.59693422536
170 0.18 -1 3.9168267884
170 0.2 -1 4.23357349059
170 0.25 -1 5.01201647005
170 0.3 -1 5.77189817428
170 10.0 -1 1.94011242234
170 100.0 -1 9.84733131956
175 0.0 -1 1.52103219697
175 0.01 -1 1.14390183672
175 0.02 -1 1.29049984989
175 0.03 -1 1.42633775962
175 0.04 -1 1.5618829107
175 0.05 -1 1.69750550943
175 0.06 -1 1.83318196769
175 0.07 -1 1.96858902382
175 0.08 -1 2.1034882953
175 0.09 -1 2.23785266928
175 0.1 -1 2.37162033704
175 0.12 -1 2.6370331927
175 0.14 -1 2.89969054334
175 0.15 -1 3.02995832702
175 0.16 -1 3.15951385187
175 0.18 -1 3.41660622972
175 0.2 -1 3.67104556497
175 0.25 -1 4.2959323198
175 0.3 -1 4.90580742545
175 10.0 -1 1.79441312541
175 100.0 -1 7.99341923003
180 0.0 -1 1.62998544377
180 0.01 -1 1.09411457469
180 0.02 -1 1.21305025007
180 0.03 -1 1.32539519157
180 0.04 -1 1.43597818164
180 0.05 -1 1.54545983994
180 0.06 -1 1.6540073926
180 0.07 -1 1.76184449569
180 0.08 -1 1.86893331728
180 0.09 -1 1.97538254046
180 0.1 -1 2.0812342795
180 0.12 -1 2.29113873064
180 0.14 -1 2.49896570429
180 0.15 -1 2.60206666006
180 0.16 -1 2.70466312252
180 0.18 -1 2.90840728892
180 0.2 -1 3.11021632242
180 0.25 -1 3.60647630035
180 0.3 -1 4.09139470191
180 10.0 -1 1.60584905824
180 100.0 -1 6.41109392439
190 0.0 -1 1.69102022477
190 0.01 -1 1.03955410065
190 0.02 -1 1.11050131435
190 0.03 -1 1.17813724306
190 0.04 -1 1.24634918663
190 0.05 -1 1.31522458047
190 0.06 -1 1.38459398134
190 0.07 -1 1.45427285465
190 0.08 -1 1.52413466262
190 0.09 -1 1.59406658108
190 0.1 -1 1.66393620334
190 0.12 -1 1.80342700882
190 0.14 -1 1.94226710713
190 0.15 -1 2.01137374221
190 0.16 -1 2.08024255569
190 0.18 -1 2.21724644537
190 0.2 -1 2.3532085229
190 0.25 -1 2.68821714095
190 0.3 -1 3.01609042084
190 10.0 -1 1.33343100687
190 100.0 -1 4.41084021564
200 0.0 -1 1.67059687097
200 0.01 -1 1.0197008023
200 0.02 -1 1.07944596297
200 0.03 -1 1.13617759942
200 0.04 -1 1.19222038393
200 0.05 -1 1.24784158659
200 0.06 -1 1.30313520375
200 0.07 -1 1.3581264778
200 0.08 -1 1.41282689573
200 0.09 -1 1.46730554996
200 0.1 -1 1.52154522136
200 0.12 -1 1.62939602613
200 0.14 -1 1.7363970828
200 0.15 -1 1.78960401686
200 0.16 -1 1.84257814657
200 0.18 -1 1.94795944627
200 0.2 -1 2.05251895392
200 0.25 -1 2.31030605662
200 0.3 -1 2.56276495997
200 10.0 -1 1.2478423101
200 100.0 -1 3.51749669734
2000 0.0 -1 2.19081645422
2000 0.01 -1 1.42193703507
2000 0.02 -1 1.42966475542
2000 0.03 -1 1.42944988672
2000 0.04 -1 1.42641929782
2000 0.05 -1 1.42239202564
2000 0.06 -1 1.41804270332
2000 0.07 -1 1.41360736231
2000 0.08 -1 1.4091671437
2000 0.09 -1 1.40474108645
2000 0.1 -1 1.40032164516
2000 0.12 -1 1.39146005375
2000 0.14 -1 1.3824993118
2000 0.15 -1 1.37796182188
2000 0.16 -1 1.37337728629
2000 0.18 -1 1.36404903815
2000 0.2 -1 1.35449143241
2000 0.25 -1 1.3295217686
2000 0.3 -1 1.30302897871
2000 10.0 -1 1.41588820301
2000 100.0 -1 1.42239202199
210 0.0 -1 1.62992645449
210 0.01 -1 1.00675253032
210 0.02 -1 1.05326193257
210 0.03 -1 1.09787442754
210 0.04 -1 1.14238372831
210 0.05 -1 1.18698435921
210 0.06 -1 1.23166627423
210 0.07 -1 1.27638529759
210 0.08 -1 1.32116536907
210 0.09 -1 1.36596314893
210 0.1 -1 1.41075275987
210 0.12 -1 1.50027344687
210 0.14 -1 1.58952924566
210 0.15 -1 1.63402323749
210 0.16 -1 1.67841052646
210 0.18 -1 1.7668239684
210 0.2 -1 1.8546968577
210 0.25 -1 2.07169442885
210 0.3 -1 2.28443151175
210 10.0 -1 1.17633628021
210 100.0 -1 2.99709015266
230 0.0 -1 1.54681327989
230 0.01 -1 0.993253564356
230 0.02 -1 1.03163439841
230 0.03 -1 1.06941454652
230 0.04 -1 1.10697645053
230 0.05 -1 1.14440439086
230 0.06 -1 1.18174379174
230 0.07 -1 1.21891754836
230 0.08 -1 1.25589660214
230 0.09 -1 1.29268036225
230 0.1 -1 1.32926980254
230 0.12 -1 1.40181605888
230 0.14 -1 1.47351452281
230 0.15 -1 1.50908583199
230 0.16 -1 1.54443413803
230 0.18 -1 1.61457913198
230 0.2 -1 1.68397937114
230 0.25 -1 1.85430514268
230 0.3 -1 2.02012214321
230 10.0 -1 1.1200166127
230 100.0 -1 2.44444264215
250 0.0 -1 1.44376190487
250 0.01 -1 0.980390578507
250 0.02 -1 1.01530415548
250 0.03 -1 1.04811093893
250 0.04 -1 1.08020696553
250 0.05 -1 1.11196308577
250 0.06 -1 1.14365082408
250 0.07 -1 1.17518060509
250 0.08 -1 1.20662018851
250 0.09 -1 1.23792682701
250 0.1 -1 1.26910599902
250 0.12 -1 1.33096259224
250 0.14 -1 1.39215569182
250 0.15 -1 1.42248104137
250 0.16 -1 1.45262967022
250 0.18 -1 1.51234493224
250 0.2 -1 1.57127568884
250 0.25 -1 1.7151121094
250 0.3 -1 1.85378982794
250 10.0 -1 1.08020696553
250 100.0 -1 2.11536192708
2500 0.0 -1 0.57155160354
2500 0.01 -1 1.24779446986
2500 0.02 -1 1.24513853188
2500 0.03 -1 1.24458216192
2500 0.04 -1 1.2450937349
2500 0.05 -1 1.2461524259
2500 0.06 -1 1.24745022058
2500 0.07 -1 1.24883408492
2500 0.08 -1 1.25021485856
2500 0.09 -1 1.25155170923
2500 0.1 -1 1.25281206926
2500 0.12 -1 1.25504013489
2500 0.14 -1 1.25679783069
2500 0.15 -1 1.25748083529
2500 0.16 -1 1.25802481427
2500 0.18 -1 1.25867577556
2500 0.2 -1 1.2587261381
2500 0.25 -1 1.25613670776
2500 0.3 -1 1.24969808128
2500 10.0 -1 1.20478844042
2500 100.0 -1 1.2450937349
270 0.0 -1 2.33360538337
270 0.01 -1 0.968918113566
270 0.02 -1 1.00079581748
270 0.03 -1 1.03181091397
270 0.04 -1 1.06205573321
270 0.05 -1 1.09166707361
270 0.06 -1 1.12083089912
270 0.07 -1 1.14961853921
270 0.08 -1 1.17807569011
270 0.09 -1 1.20621935088
270 0.1 -1 1.2340724658
270 0.12 -1 1.28898138247
270 0.14 -1 1.34280052642
270 0.15 -1 1.36933102926
270 0.16 -1 1.39559519161
270 0.18 -1 1.44734007071
270 0.2 -1 1.4980416386
270 0.25 -1 1.62029323858
270 0.3 -1 1.73621989198
270 10.0 -1 1.0531391235
270 100.0 -1 1.88890382017
300 0.0 -1 2.12933878612
300 0.01 -1 0.956144138305
300 0.02 -1 0.981819180034
300 0.03 -1 1.00719431652
300 0.04 -1 1.03197346258
300 0.05 -1 1.05632974836
300 0.06 -1 1.08034418745
300 0.07 -1 1.1040630721
300 0.08 -1 1.12745647247
300 0.09 -1 1.15051226643
300 0.1 -1 1.17324672959
300 0.12 -1 1.21766103039
300 0.14 -1 1.26064237848
300 0.15 -1 1.28158834689
300 0.16 -1 1.30218383678
300 0.18 -1 1.34227441565
300 0.2 -1 1.38094465309
300 0.25 -1 1.47155094458
300 0.3 -1 1.55395457767
300 10.0 -1 1.0155243771
300 100.0 -1 1.60464794184
3000 0.0 -1 1.97737398005
3000 0.01 -1 1.0305518223
3000 0.02 -1 1.02872232447
3000 0.03 -1 1.03294282415
3000 0.04 -1 1.0383954018
3000 0.05 -1 1.04416194896
3000 0.06 -1 1.05004926882
3000 0.07 -1 1.05599120235
3000 0.08 -1 1.0619468979
3000 0.09 -1 1.06787562337
3000 0.1 -1 1.07374892364
3000 0.12 -1 1.08521398574
3000 0.14 -1 1.09616482239
3000 0.15 -1 1.10140779849
3000 0.16 -1 1.10648048009
3000 0.18 -1 1.11607467415
3000 0.2 -1 1.12489095432
3000 0.25 -1 1.14329538854
3000 0.3 -1 1.15635183775
3000 10.0 -1 1.08377506248
3000 100.0 -1 1.03469712259
350 0.0 -1 1.8902018216
350 0.01 -1 0.960848411126
350 0.02 -1 0.973566547808
350 0.03 -1 0.985719484665
350 0.04 -1 0.997184205291
350 0.05 -1 1.00797696263
350 0.06 -1 1.01806485785
350 0.07 -1 1.02753219114
350 0.08 -1 1.0364170916
350 0.09 -1 1.0447351408
350 0.1 -1 1.05256716579
350 0.12 -1 1.06687449549
350 0.14 -1 1.07961309751
350 0.15 -1 1.08546206447
350 0.16 -1 1.09099525802
350 0.18 -1 1.1012062364
350 0.2 -1 1.11038835579
350 0.25 -1 1.12960451631
350 0.3 -1 1.14453017125
350 10.0 -1 0.984020644285
350 100.0 -1 1.14064091294
400 0.0 -1 1.93912231352
400 0.01 -1 1.05324687636
400 0.02 -1 1.0411857062
400 0.03 -1 1.0313415464
400 0.04 -1 1.02223675213
400 0.05 -1 1.0135710597
400 0.06 -1 1.00524114778
400 0.07 -1 0.997223712994
400 0.08 -1 0.989520640976
400 0.09 -1 0.982097984613
400 0.1 -1 0.974967249924
400 0.12 -1 0.961491256606
400 0.14 -1 0.948994786817
400 0.15 -1 0.943084732266
400 0.16 -1 0.937381593357
400 0.18 -1 0.926556870817
400 0.2 -1 0.916439908398
400 0.25 -1 0.893762345796
400 0.3 -1 0.874109354776
400 10.0 -1 1.03612299785
400 100.0 -1 0.893762296405
4000 0.0 -1 0.881876058194
4000 0.01 -1 0.536958485042
4000 0.02 -1 0.549237588465
4000 0.03 -1 0.56389260871
4000 0.04 -1 0.578661094465
4000 0.05 -1 0.593396404901
4000 0.06 -1 0.608104237696
4000 0.07 -1 0.622771550428
4000 0.08 -1 0.637373259894
4000 0.09 -1 0.651881476095
4000 0.1 -1 0.666270931784
4000 0.12 -1 0.694605354541
4000 0.14 -1 0.722224364371
4000 0.15 -1 0.735726080437
4000 0.16 -1 0.749004847217
4000 0.18 -1 0.774848024738
4000 0.2 -1 0.799672999191
4000 0.25 -1 0.856893381818
4000 0.3 -1 0.906743724301
4000 10.0 -1 0.575102277703
4000 100.0 -1 0.556515549961
450 0.0 -1 1.82552035431
450 0.01 -1 1.09805491037
450 0.02 -1 1.08396251547
450 0.03 -1 1.0703948838
450 0.04 -1 1.05759707405
450 0.05 -1 1.04543373773
450 0.06 -1 1.03378303347
450 0.07 -1 1.02258043263
450 0.08 -1 1.0117698478
450 0.09 -1 1.00132578036
450 0.1 -1 0.991206351279
450 0.12 -1 0.971906097012
450 0.14 -1 0.953723107287
450 0.15 -1 0.94501678872
450 0.16 -1 0.936553097462
450 0.18 -1 0.920313600866
450 0.2 -1 0.904932314267
450 0.25 -1 0.869803383491
450 0.3 -1 0.838780800223
450 10.0 -1 1.08088948925
450 100.0 -1 0.88876350395
500 0.0 -1 1.72743565313
500 0.01 -1 1.1269906344
500 0.02 -1 1.11402074468
500 0.03 -1 1.10070841622
500 0.04 -1 1.08760366298
500 0.05 -1 1.07494790014
500 0.06 -1 1.06277103186
500 0.07 -1 1.05102945133
500 0.08 -1 1.0396843631
500 0.09 -1 1.02867698101
500 0.1 -1 1.01797895299
500 0.12 -1 0.99738321232
500 0.14 -1 0.977758837979
500 0.15 -1 0.968281143794
500 0.16 -1 0.959016277834
500 0.18 -1 0.941091456459
500 0.2 -1 0.92393352826
500 0.25 -1 0.884116014369
500 0.3 -1 0.848272569229
500 10.0 -1 1.11402074468
500 100.0 -1 0.923933509536
5000 0.0 -1 0.0822848241922
5000 0.01 -1 0.199830518586
5000 0.02 -1 0.219476068988
5000 0.03 -1 0.238463592322
5000 0.04 -1 0.257454003184
5000 0.05 -1 0.276566535389
5000 0.06 -1 0.295797050086
5000 0.07 -1 0.315099488433
5000 0.08 -1 0.334420792872
5000 0.09 -1 0.353712072128
5000 0.1 -1 0.372931065046
5000 0.12 -1 0.411014018142
5000 0.14 -1 0.448439871108
5000 0.15 -1 0.466850374606
5000 0.16 -1 0.485034889331
5000 0.18 -1 0.52066300072
5000 0.2 -1 0.555215939585
5000 0.25 -1 0.636365331369
5000 0.3 -1 0.709372114582
5000 10.0 -1 0.137340659504
5000 100.0 -1 0.219476068988
550 0.0 -1 2.88940596527
550 0.01 -1 1.14818954699
550 0.02 -1 1.13210798036
550 0.03 -1 1.11977367422
550 0.04 -1 1.10831382719
550 0.05 -1 1.09716796557
550 0.06 -1 1.08622520171
550 0.07 -1 1.07545768573
550 0.08 -1 1.06484509048
550 0.09 -1 1.05439311813
550 0.1 -1 1.0440942428
550 0.12 -1 1.02398944406
550 0.14 -1 1.00453837935
550 0.15 -1 0.995052789435
550 0.16 -1 0.985735465054
550 0.18 -1 0.967578249864
550 0.2 -1 0.950034773333
550 0.25 -1 0.908818954741
550 0.3 -1 0.871121301558
550 10.0 -1 1.13456250899
550 100.0 -1 0.965954433229
600 0.0 -1 2.61698549662
600 0.01 -1 1.14947962827
600 0.02 -1 1.14018309307
600 0.03 -1 1.13034868032
600 0.04 -1 1.12070447921
600 0.05 -1 1.11121085952
600 0.06 -1 1.10181154526
600 0.07 -1 1.09248446739
600 0.08 -1 1.083195651
600 0.09 -1 1.07396552388
600 0.1 -1 1.0647956781
600 0.12 -1 1.04665484803
600 0.14 -1 1.02883039928
600 0.15 -1 1.02004500377
600 0.16 -1 1.0113460341
600 0.18 -1 0.994238890337
600 0.2 -1 0.977517666465
600 0.25 -1 0.937505033824
600 0.3 -1 0.900097082381
600 10.0 -1 1.14343948416
600 100.0 -1 1.00560435628
650 0.0 -1 2.56600518432
650 0.01 -1 1.17889015282
650 0.02 -1 1.16569408357
650 0.03 -1 1.15524764586
650 0.04 -1 1.14529580356
650 0.05 -1 1.13551094614
650 0.06 -1 1.12584516397
650 0.07 -1 1.11628946263
650 0.08 -1 1.10686322332
650 0.09 -1 1.0975506109
650 0.1 -1 1.08835551538
650 0.12 -1 1.07030493795
650 0.14 -1 1.05267422408
650 0.15 -1 1.04401268773
650 0.16 -1 1.03544915611
650 0.18 -1 1.01861118368
650 0.2 -1 1.00215026854
650 0.25 -1 0.962625471821
650 0.3 -1 0.925405969559
650 10.0 -1 1.17108996088
650 100.0 -1 1.04070697075
700 0.0 -1 2.30117879026
700 0.01 -1 1.17562233705
700 0.02 -1 1.16892000047
700 0.03 -1 1.1608443591
700 0.04 -1 1.1527657891
700 0.05 -1 1.14475799416
700 0.06 -1 1.13676117405
700 0.07 -1 1.12874720334
700 0.08 -1 1.12071217699
700 0.09 -1 1.1126612634
700 0.1 -1 1.10459507964
700 0.12 -1 1.08847236825
700 0.14 -1 1.07241043561
700 0.15 -1 1.06442059159
700 0.16 -1 1.0564639015
700 0.18 -1 1.04068091415
700 0.2 -1 1.02509271424
700 0.25 -1 0.987124109855
700 0.3 -1 0.950786945158
700 10.0 -1 1.17319967474
700 100.0 -1 1.07012290686
750 0.0 -1 2.28524870882
750 0.01 -1 1.18886322049
750 0.02 -1 1.18372544957
750 0.03 -1 1.17647163519
750 0.04 -1 1.16864043356
750 0.05 -1 1.16075571042
750 0.06 -1 1.15293804134
750 0.07 -1 1.14517784013
750 0.08 -1 1.13746495294
750 0.09 -1 1.12977936874
750 0.1 -1 1.12211877755
750 0.12 -1 1.10683548288
750 0.14 -1 1.09160726616
750 0.15 -1 1.0840174088
750 0.16 -1 1.07644743519
750 0.18 -1 1.06138058061
750 0.2 -1 1.04643014251
750 0.25 -1 1.0097212729
750 0.3 -1 0.974203753992
750 10.0 -1 1.18746704485
750 100.0 -1 1.09667805016
800 0.0 -1 2.2030158088
800 0.01 -1 1.19971551056
800 0.02 -1 1.19099402337
800 0.03 -1 1.18365322624
800 0.04 -1 1.17672295103
800 0.05 -1 1.16987056741
800 0.06 -1 1.16297712823
800 0.07 -1 1.15602580941
800 0.08 -1 1.14903088089
800 0.09 -1 1.14200774567
800 0.1 -1 1.13496836425
800 0.12 -1 1.12087248164
800 0.14 -1 1.10678290979
800 0.15 -1 1.09974625987
800 0.16 -1 1.09272175016
800 0.18 -1 1.07869764923
800 0.2 -1 1.06473294456
800 0.25 -1 1.03016151097
800 0.3 -1 0.996290950835
800 10.0 -1 1.19728164038
800 100.0 -1 1.11734772209
900 0.0 -1 2.00301030644
900 0.01 -1 1.20411060125
900 0.02 -1 1.20153224725
900 0.03 -1 1.19681488487
900 0.04 -1 1.19153899857
900 0.05 -1 1.1860973866
900 0.06 -1 1.18057155937
900 0.07 -1 1.17497448265
900 0.08 -1 1.16931308874
900 0.09 -1 1.16359096061
900 0.1 -1 1.15780849316
900 0.12 -1 1.14607659739
900 0.14 -1 1.13414575119
900 0.15 -1 1.12811416536
900 0.16 -1 1.12204558362
900 0.18 -1 1.10980553594
900 0.2 -1 1.09745257531
900 0.25 -1 1.06625798811
900 0.3 -1 1.03492732759
900 10.0 -1 1.20401723531
900 100.0 -1 1.15131771011
