-2.400	-2.100	0.000	10.000	0.000	0.000	0.043
-2.400	-2.100	10.000	11.000	0.029	0.048	0.070
-2.400	-2.100	11.000	12.000	0.286	0.130	0.132
-2.400	-2.100	12.000	13.000	0.700	0.133	0.175
-2.400	-2.100	13.000	14.000	0.705	0.122	0.098
-2.400	-2.100	14.000	15.000	0.787	0.088	0.096
-2.400	-2.100	15.000	20.000	0.833	0.037	0.034
-2.400	-2.100	20.000	25.000	0.819	0.023	0.034
-2.400	-2.100	25.000	30.000	0.816	0.020	0.012
-2.400	-2.100	30.000	35.000	0.821	0.010	0.012
-2.400	-2.100	35.000	40.000	0.832	0.008	0.009
-2.400	-2.100	40.000	45.000	0.830	0.008	0.015
-2.400	-2.100	45.000	50.000	0.829	0.009	0.010
-2.400	-2.100	50.000	60.000	0.840	0.013	0.013
-2.400	-2.100	60.000	100.000	0.841	0.040	0.033
-2.400	-2.100	100.000	200.000	0.920	0.128	0.098
-2.100	-1.600	0.000	10.000	0.000	0.000	0.024
-2.100	-1.600	10.000	11.000	0.024	0.024	0.059
-2.100	-1.600	11.000	12.000	0.100	0.050	0.079
-2.100	-1.600	12.000	13.000	0.746	0.076	0.124
-2.100	-1.600	13.000	14.000	0.841	0.119	0.073
-2.100	-1.600	14.000	15.000	0.813	0.055	0.073
-2.100	-1.600	15.000	20.000	0.837	0.025	0.017
-2.100	-1.600	20.000	25.000	0.850	0.013	0.017
-2.100	-1.600	25.000	30.000	0.862	0.014	0.011
-2.100	-1.600	30.000	35.000	0.859	0.007	0.013
-2.100	-1.600	35.000	40.000	0.848	0.005	0.011
-2.100	-1.600	40.000	45.000	0.857	0.005	0.006
-2.100	-1.600	45.000	50.000	0.858	0.005	0.008
-2.100	-1.600	50.000	60.000	0.858	0.007	0.010
-2.100	-1.600	60.000	100.000	0.845	0.013	0.019
-2.100	-1.600	100.000	200.000	0.802	0.074	0.080
-1.600	-1.200	0.000	10.000	0.000	0.000	0.028
-1.600	-1.200	10.000	11.000	0.000	0.000	0.056
-1.600	-1.200	11.000	12.000	0.000	0.123	0.097
-1.600	-1.200	12.000	13.000	0.714	0.282	0.140
-1.600	-1.200	13.000	14.000	0.849	0.094	0.102
-1.600	-1.200	14.000	15.000	0.915	0.059	0.058
-1.600	-1.200	15.000	20.000	0.928	0.018	0.013
-1.600	-1.200	20.000	25.000	0.932	0.017	0.018
-1.600	-1.200	25.000	30.000	0.942	0.016	0.008
-1.600	-1.200	30.000	35.000	0.933	0.008	0.005
-1.600	-1.200	35.000	40.000	0.942	0.005	0.005
-1.600	-1.200	40.000	45.000	0.946	0.007	0.003
-1.600	-1.200	45.000	50.000	0.947	0.003	0.004
-1.600	-1.200	50.000	60.000	0.955	0.011	0.004
-1.600	-1.200	60.000	100.000	0.951	0.011	0.007
-1.600	-1.200	100.000	200.000	0.939	0.036	0.043
-1.200	-0.800	0.000	10.000	0.000	0.000	0.034
-1.200	-0.800	10.000	11.000	0.000	0.000	0.068
-1.200	-0.800	11.000	12.000	0.030	0.050	0.101
-1.200	-0.800	12.000	13.000	0.955	0.067	0.085
-1.200	-0.800	13.000	14.000	0.930	0.095	0.047
-1.200	-0.800	14.000	15.000	0.900	0.066	0.070
-1.200	-0.800	15.000	20.000	0.944	0.018	0.020
-1.200	-0.800	20.000	25.000	0.930	0.023	0.027
-1.200	-0.800	25.000	30.000	0.931	0.012	0.008
-1.200	-0.800	30.000	35.000	0.940	0.006	0.004
-1.200	-0.800	35.000	40.000	0.943	0.006	0.004
-1.200	-0.800	40.000	45.000	0.943	0.003	0.003
-1.200	-0.800	45.000	50.000	0.944	0.006	0.010
-1.200	-0.800	50.000	60.000	0.933	0.012	0.009
-1.200	-0.800	60.000	100.000	0.938	0.016	0.021
-1.200	-0.800	100.000	200.000	0.917	0.041	0.030
-0.800	-0.300	0.000	10.000	0.000	0.000	0.060
-0.800	-0.300	10.000	11.000	0.000	0.000	0.068
-0.800	-0.300	11.000	12.000	0.129	0.141	0.121
-0.800	-0.300	12.000	13.000	0.931	0.061	0.063
-0.800	-0.300	13.000	14.000	0.975	0.055	0.022
-0.800	-0.300	14.000	15.000	0.937	0.047	0.052
-0.800	-0.300	15.000	20.000	0.962	0.012	0.008
-0.800	-0.300	20.000	25.000	0.956	0.009	0.006
-0.800	-0.300	25.000	30.000	0.962	0.006	0.005
-0.800	-0.300	30.000	35.000	0.959	0.008	0.005
-0.800	-0.300	35.000	40.000	0.961	0.002	0.003
-0.800	-0.300	40.000	45.000	0.962	0.003	0.003
-0.800	-0.300	45.000	50.000	0.960	0.003	0.004
-0.800	-0.300	50.000	60.000	0.954	0.006	0.012
-0.800	-0.300	60.000	100.000	0.965	0.010	0.007
-0.800	-0.300	100.000	200.000	0.959	0.020	0.015
-0.300	-0.200	0.000	10.000	0.000	0.000	0.308
-0.300	-0.200	10.000	11.000	0.000	0.000	0.369
-0.300	-0.200	11.000	12.000	0.000	0.000	0.841
-0.300	-0.200	12.000	13.000	0.818	0.200	0.385
-0.300	-0.200	13.000	14.000	0.875	0.233	0.163
-0.300	-0.200	14.000	15.000	1.000	0.231	0.000
-0.300	-0.200	15.000	20.000	0.902	0.056	0.054
-0.300	-0.200	20.000	25.000	0.881	0.030	0.037
-0.300	-0.200	25.000	30.000	0.881	0.019	0.017
-0.300	-0.200	30.000	35.000	0.874	0.016	0.020
-0.300	-0.200	35.000	40.000	0.870	0.022	0.018
-0.300	-0.200	40.000	45.000	0.865	0.018	0.028
-0.300	-0.200	45.000	50.000	0.862	0.024	0.016
-0.300	-0.200	50.000	60.000	0.882	0.021	0.015
-0.300	-0.200	60.000	100.000	0.881	0.022	0.026
-0.300	-0.200	100.000	200.000	0.944	0.194	0.164
-0.200	0.200	0.000	10.000	0.000	0.000	0.168
-0.200	0.200	10.000	11.000	0.000	0.000	0.103
-0.200	0.200	11.000	12.000	0.000	0.000	0.092
-0.200	0.200	12.000	13.000	0.828	0.106	0.123
-0.200	0.200	13.000	14.000	0.909	0.108	0.054
-0.200	0.200	14.000	15.000	0.948	0.063	0.054
-0.200	0.200	15.000	20.000	0.951	0.014	0.013
-0.200	0.200	20.000	25.000	0.941	0.009	0.007
-0.200	0.200	25.000	30.000	0.947	0.005	0.007
-0.200	0.200	30.000	35.000	0.945	0.004	0.004
-0.200	0.200	35.000	40.000	0.942	0.004	0.007
-0.200	0.200	40.000	45.000	0.943	0.003	0.002
-0.200	0.200	45.000	50.000	0.944	0.003	0.006
-0.200	0.200	50.000	60.000	0.941	0.010	0.006
-0.200	0.200	60.000	100.000	0.954	0.013	0.009
-0.200	0.200	100.000	200.000	0.946	0.028	0.021
0.200	0.300	0.000	10.000	0.000	0.000	0.308
0.200	0.300	10.000	11.000	0.000	0.000	0.459
0.200	0.300	11.000	12.000	0.000	0.000	0.168
0.200	0.300	12.000	13.000	0.800	0.475	0.195
0.200	0.300	13.000	14.000	0.800	0.165	0.113
0.200	0.300	14.000	15.000	0.833	0.190	0.132
0.200	0.300	15.000	20.000	0.841	0.069	0.073
0.200	0.300	20.000	25.000	0.874	0.024	0.047
0.200	0.300	25.000	30.000	0.880	0.017	0.020
0.200	0.300	30.000	35.000	0.872	0.011	0.016
0.200	0.300	35.000	40.000	0.870	0.011	0.008
0.200	0.300	40.000	45.000	0.880	0.019	0.015
0.200	0.300	45.000	50.000	0.881	0.014	0.011
0.200	0.300	50.000	60.000	0.873	0.014	0.023
0.200	0.300	60.000	100.000	0.877	0.026	0.025
0.200	0.300	100.000	200.000	0.879	0.147	0.100
0.300	0.800	0.000	10.000	0.000	0.000	0.066
0.300	0.800	10.000	11.000	0.000	0.000	0.064
0.300	0.800	11.000	12.000	0.021	0.063	0.052
0.300	0.800	12.000	13.000	0.946	0.153	0.084
0.300	0.800	13.000	14.000	0.942	0.043	0.034
0.300	0.800	14.000	15.000	0.960	0.048	0.029
0.300	0.800	15.000	20.000	0.943	0.019	0.014
0.300	0.800	20.000	25.000	0.946	0.010	0.006
0.300	0.800	25.000	30.000	0.951	0.006	0.009
0.300	0.800	30.000	35.000	0.946	0.004	0.004
0.300	0.800	35.000	40.000	0.942	0.004	0.006
0.300	0.800	40.000	45.000	0.944	0.004	0.004
0.300	0.800	45.000	50.000	0.944	0.004	0.004
0.300	0.800	50.000	60.000	0.942	0.008	0.005
0.300	0.800	60.000	100.000	0.940	0.009	0.015
0.300	0.800	100.000	200.000	0.936	0.032	0.022
0.800	1.200	0.000	10.000	0.000	0.000	0.051
0.800	1.200	10.000	11.000	0.000	0.000	0.062
0.800	1.200	11.000	12.000	0.037	0.061	0.088
0.800	1.200	12.000	13.000	0.882	0.089	0.100
0.800	1.200	13.000	14.000	0.903	0.075	0.049
0.800	1.200	14.000	15.000	0.974	0.081	0.041
0.800	1.200	15.000	20.000	0.916	0.017	0.021
0.800	1.200	20.000	25.000	0.930	0.010	0.008
0.800	1.200	25.000	30.000	0.920	0.009	0.008
0.800	1.200	30.000	35.000	0.917	0.015	0.008
0.800	1.200	35.000	40.000	0.926	0.006	0.005
0.800	1.200	40.000	45.000	0.925	0.008	0.007
0.800	1.200	45.000	50.000	0.929	0.005	0.005
0.800	1.200	50.000	60.000	0.930	0.008	0.006
0.800	1.200	60.000	100.000	0.927	0.012	0.014
0.800	1.200	100.000	200.000	0.933	0.042	0.041
1.200	1.600	0.000	10.000	0.000	0.000	0.034
1.200	1.600	10.000	11.000	0.000	0.000	0.053
1.200	1.600	11.000	12.000	0.030	0.094	0.072
1.200	1.600	12.000	13.000	0.800	0.132	0.139
1.200	1.600	13.000	14.000	0.833	0.077	0.058
1.200	1.600	14.000	15.000	0.897	0.051	0.038
1.200	1.600	15.000	20.000	0.921	0.021	0.026
1.200	1.600	20.000	25.000	0.916	0.014	0.014
1.200	1.600	25.000	30.000	0.927	0.010	0.013
1.200	1.600	30.000	35.000	0.926	0.008	0.007
1.200	1.600	35.000	40.000	0.934	0.012	0.012
1.200	1.600	40.000	45.000	0.926	0.003	0.005
1.200	1.600	45.000	50.000	0.925	0.011	0.009
1.200	1.600	50.000	60.000	0.929	0.010	0.012
1.200	1.600	60.000	100.000	0.923	0.018	0.021
1.200	1.600	100.000	200.000	0.944	0.034	0.025
1.600	2.100	0.000	10.000	0.000	0.000	0.036
1.600	2.100	10.000	11.000	0.029	0.048	0.069
1.600	2.100	11.000	12.000	0.075	0.044	0.067
1.600	2.100	12.000	13.000	0.764	0.108	0.083
1.600	2.100	13.000	14.000	0.926	0.049	0.053
1.600	2.100	14.000	15.000	0.939	0.059	0.041
1.600	2.100	15.000	20.000	0.911	0.014	0.019
1.600	2.100	20.000	25.000	0.909	0.010	0.011
1.600	2.100	25.000	30.000	0.901	0.011	0.007
1.600	2.100	30.000	35.000	0.905	0.006	0.007
1.600	2.100	35.000	40.000	0.907	0.009	0.007
1.600	2.100	40.000	45.000	0.910	0.004	0.007
1.600	2.100	45.000	50.000	0.907	0.007	0.006
1.600	2.100	50.000	60.000	0.908	0.010	0.014
1.600	2.100	60.000	100.000	0.910	0.013	0.030
1.600	2.100	100.000	200.000	0.883	0.050	0.044
2.100	2.400	0.000	10.000	0.000	0.000	0.041
2.100	2.400	10.000	11.000	0.000	0.000	0.058
2.100	2.400	11.000	12.000	0.154	0.075	0.111
2.100	2.400	12.000	13.000	0.517	0.265	0.138
2.100	2.400	13.000	14.000	0.842	0.118	0.096
2.100	2.400	14.000	15.000	0.885	0.071	0.082
2.100	2.400	15.000	20.000	0.842	0.045	0.031
2.100	2.400	20.000	25.000	0.880	0.021	0.025
2.100	2.400	25.000	30.000	0.857	0.013	0.011
2.100	2.400	30.000	35.000	0.867	0.008	0.011
2.100	2.400	35.000	40.000	0.878	0.007	0.011
2.100	2.400	40.000	45.000	0.886	0.013	0.008
2.100	2.400	45.000	50.000	0.873	0.011	0.009
2.100	2.400	50.000	60.000	0.866	0.022	0.011
2.100	2.400	60.000	100.000	0.861	0.022	0.039
2.100	2.400	100.000	200.000	0.852	0.141	0.082
2.100	2.400	100.000	200.000	0.852	0.141	0.082
