10 22  10 15   0.942857  0.0392347
10 22  15 17   0.942857  0.0392347
10 22  17 18   0.942857  0.0392347
10 22  18 19   0.942857  0.0392347
10 22  19 20   0.942857  0.0392347
10 22  20 22   0.942857  0.0392347
10 22  22 25   0.942857  0.0392347
10 22  25 30   0.942857  0.0392347
10 22  30 40   0.942857  0.0392347
10 22  40 100  0.942857  0.0392347
22 25  10 15   0.920266  0.0156133
22 25  15 17   0.95053   0.0128902
22 25  17 18   0.979866  0.0115069
22 25  18 19   0.957576  0.015691
22 25  19 20   0.944056  0.019218
22 25  20 22   0.962838  0.0109946
22 25  22 25   0.976415  0.00736973
22 25  25 30   0  0
22 25  30 40   0  0
22 25  40 100  0  0
25 30  10 15   0.953125  0.00880713
25 30  15 17   0.964151  0.00807557
25 30  17 18   0.975694  0.00907431
25 30  18 19   0.963235  0.0114103
25 30  19 20   0.966049  0.0100612
25 30  20 22   0.951256  0.00827593
25 30  22 25   0.975286  0.00381164
25 30  25 30   0.97774   0.0035246
25 30  30 40   0  0
25 30  40 100  0  0
30 40  10 15   0.948127  0.00841831
30 40  15 17   0.968799  0.00686711
30 40  17 18   0.974504  0.00838955
30 40  18 19   0.971795  0.00838338
30 40  19 20   0.9801    0.00696553
30 40  20 22   0.970353  0.00572733
30 40  22 25   0.981825  0.00249747
30 40  25 30   0.984442  0.00147856
30 40  30 40   0.9852    0.00158402
30 40  40 100  0  0
40 100  10 15  0.977405  0.00377589
40 100  15 17  0.978882  0.00358326
40 100  17 18  0.976879  0.00510998
40 100  18 19  0.985986  0.00371907
40 100  19 20  0.976447  0.00475068
40 100  20 22  0.97849   0.00303964
40 100  22 25  0.984335  0.00156197
40 100  25 30  0.987712  0.00096853
40 100  30 40  0.989134  0.000667617
40 100  40 100 0.9918    0.000429215
