mH_GeV   XS_pb       Scale_pos  Scale_neg  Gauss   PDF_plus_alpha_s
10.00     1.900E+03    +17.8    -21.3      12.3     12.2
15.00     1.203E+03    +11.6    -15.0      8.7     6.7
20.00     8.458E+02    +8.8    -11.8      6.8     5.4
25.00     6.322E+02    +7.1    -10.0      5.8     4.9
30.00     4.923E+02    +6.1    -8.8      5.1     4.6
35.00     3.949E+02    +5.5    -7.8      4.5     4.3
40.00     3.240E+02    +4.8    -7.3      4.2     4.2
45.00     2.706E+02    +4.3    -6.7      3.9     4.0
50.00     2.294E+02    +3.7    -6.0      3.5     4.0
55.00     1.968E+02    +3.5    -5.7      3.3     3.8
60.00     1.706E+02    +3.2    -5.4      3.1     3.7
65.00     1.492E+02    +3.1    -5.2      3.0     3.7
70.00     1.315E+02    +2.8    -4.9      2.8     3.6
75.00     1.166E+02    +2.6    -4.7      2.7     3.6
80.00     1.041E+02    +2.5    -4.7      2.7     3.5
85.00     9.340E+01    +2.4    -4.5      2.6     3.5
90.00     8.420E+01    +2.3    -4.3      2.5     3.4
95.00     7.630E+01    +2.2    -4.1      2.4     3.4
100.00     6.930E+01    +2.0    -4.0      2.3     3.4
105.00     6.320E+01    +2.0    -3.9      2.3     3.3
110.00     5.790E+01    +1.9    -3.9      2.3     3.3
115.00     5.310E+01    +1.8    -3.8      2.2     3.3
120.00     4.890E+01    +1.8    -3.7      2.1     3.2
125.00     4.520E+01    +1.7    -3.7      2.1     3.2
130.00     4.180E+01    +1.7    -3.6      2.1     3.2
135.00     3.880E+01    +1.6    -3.5      2.0     3.2
140.00     3.600E+01    +1.6    -3.5      2.0     3.2
145.00     3.350E+01    +1.5    -3.5      2.0     3.2
150.00     3.129E+01    +1.5    -3.4      2.0     3.1
160.00     2.737E+01    +1.5    -3.3      1.9     3.1
170.00     2.409E+01    +1.4    -3.2      1.8     3.1
180.00     2.132E+01    +1.3    -3.2      1.8     3.1
190.00     1.896E+01    +1.3    -3.1      1.8     3.0
200.00     1.694E+01    +1.3    -3.2      1.8     3.0
210.00     1.520E+01    +1.4    -3.2      1.8     3.0
220.00     1.369E+01    +1.4    -3.2      1.8     3.0
230.00     1.237E+01    +1.4    -3.2      1.8     3.0
240.00     1.122E+01    +1.4    -3.2      1.8     3.0
250.00     1.020E+01    +1.4    -3.2      1.8     3.0
260.00     9.300E+00    +1.4    -3.2      1.8     3.0
270.00     8.510E+00    +1.4    -3.2      1.8     3.0
280.00     7.800E+00    +1.4    -3.2      1.8     3.0
290.00     7.160E+00    +1.5    -3.2      1.8     3.0
300.00     6.590E+00    +1.5    -3.2      1.8     3.0
310.00     6.080E+00    +1.5    -3.3      1.9     3.0
320.00     5.620E+00    +1.5    -3.2      1.8     3.0
330.00     5.200E+00    +1.5    -3.3      1.9     3.0
340.00     4.820E+00    +1.5    -3.3      1.9     3.0
350.00     4.480E+00    +1.5    -3.3      1.9     3.0
360.00     4.160E+00    +1.5    -3.3      1.9     3.0
370.00     3.880E+00    +1.6    -3.3      1.9     3.0
380.00     3.620E+00    +1.6    -3.3      1.9     3.0
390.00     3.380E+00    +1.6    -3.3      1.9     3.1
400.00     3.160E+00    +1.6    -3.3      1.9     3.1
410.00     2.960E+00    +1.6    -3.4      2.0     3.1
420.00     2.770E+00    +1.6    -3.4      2.0     3.1
430.00     2.600E+00    +1.6    -3.4      2.0     3.1
440.00     2.440E+00    +1.7    -3.4      2.0     3.1
450.00     2.300E+00    +1.6    -3.4      2.0     3.1
460.00     2.160E+00    +1.7    -3.4      2.0     3.2
470.00     2.030E+00    +1.7    -3.4      2.0     3.2
480.00     1.920E+00    +1.7    -3.4      2.0     3.2
490.00     1.810E+00    +1.7    -3.4      2.0     3.2
500.00     1.709E+00    +1.7    -3.5      2.0     3.3
550.00     1.297E+00    +1.8    -3.5      2.0     3.4
600.00     1.001E+00    +1.8    -3.6      2.1     3.5
650.00     7.834E-01    +1.9    -3.6      2.1     3.7
700.00     6.206E-01    +1.9    -3.7      2.1     3.8
750.00     4.969E-01    +2.0    -3.7      2.1     4.0
800.00     4.015E-01    +2.0    -3.8      2.2     4.2
850.00     3.271E-01    +2.1    -3.8      2.2     4.4
900.00     2.685E-01    +2.1    -3.8      2.2     4.6
950.00     2.219E-01    +2.2    -3.9      2.3     4.8
1000.00     1.845E-01    +2.2    -4.0      2.3     5.0
1050.00     1.542E-01    +2.2    -4.0      2.3     5.2
1100.00     1.295E-01    +2.3    -4.0      2.3     5.4
1150.00     1.093E-01    +2.3    -4.1      2.4     5.6
1200.00     9.260E-02    +2.3    -4.1      2.4     5.9
1250.00     7.880E-02    +2.3    -4.1      2.4     6.1
1300.00     6.730E-02    +2.4    -4.2      2.4     6.3
1350.00     5.760E-02    +2.3    -4.2      2.4     6.6
1400.00     4.950E-02    +2.4    -4.2      2.4     6.8
1450.00     4.270E-02    +2.4    -4.2      2.4     7.0
1500.00     3.690E-02    +2.4    -4.3      2.5     7.3
1550.00     3.190E-02    +2.5    -4.3      2.5     7.6
1600.00     2.770E-02    +2.5    -4.3      2.5     7.8
1650.00     2.410E-02    +2.5    -4.4      2.5     8.1
1700.00     2.100E-02    +2.5    -4.5      2.6     8.5
1750.00     1.838E-02    +3.2    -4.4      2.5     8.7
1800.00     1.609E-02    +2.5    -4.4      2.5     8.9
1850.00     1.411E-02    +2.6    -4.4      2.5     9.1
1900.00     1.239E-02    +2.5    -4.4      2.5     9.4
1950.00     1.090E-02    +2.6    -4.5      2.6     9.7
2000.00     9.600E-03    +2.6    -4.5      2.6     9.7
2050.00     8.470E-03    +2.5    -4.5      2.6     10.0
2100.00     7.480E-03    +2.6    -4.5      2.6     10.5
2150.00     6.620E-03    +2.6    -4.5      2.6     10.8
2200.00     5.860E-03    +2.7    -4.6      2.7     11.2
2250.00     5.190E-03    +2.6    -4.6      2.7     11.8
2300.00     4.610E-03    +2.6    -4.5      2.6     12.0
2350.00     4.090E-03    +2.6    -4.5      2.6     12.1
2400.00     3.640E-03    +2.6    -4.5      2.6     12.4
2450.00     3.240E-03    +2.5    -4.5      2.6     12.7
2500.00     2.890E-03    +2.6    -4.5      2.6     13.1
2550.00     2.570E-03    +2.5    -4.5      2.6     13.4
2600.00     2.300E-03    +2.5    -4.5      2.6     13.7
2650.00     2.050E-03    +2.6    -4.6      2.7     14.1
2700.00     1.830E-03    +2.7    -4.7      2.7     14.5
2750.00     1.640E-03    +2.8    -4.8      2.8     14.8
2800.00     1.460E-03    +2.9    -4.9      2.8     15.2
2850.00     1.310E-03    +3.0    -5.0      2.9     15.6
2900.00     1.170E-03    +3.1    -5.2      3.0     15.9
2950.00     1.050E-03    +3.2    -5.3      3.1     16.3
3000.00     9.400E-04    +3.4    -5.5      3.2     16.7
3050.00     8.470E-04    +3.4    -5.5    0.0      17.3                                        
3100.00     7.600E-04    +3.5    -5.6    0.0      17.7                                        
3150.00     6.820E-04    +3.6    -5.7    0.0      18.1                                        
3200.00     6.130E-04    +3.7    -5.9    0.0      18.5                                        
3250.00     5.510E-04    +3.9    -6.0    0.0      19.0                                        
3300.00     4.950E-04    +4.0    -6.2    0.0      19.4                                        
3350.00     4.450E-04    +4.1    -6.3    0.0      19.9                                        
3400.00     4.000E-04    +4.3    -6.4    0.0      20.4                                        
3450.00     3.600E-04    +4.4    -6.6    0.0      20.9                                        
3500.00     3.240E-04    +4.5    -6.8    0.0      21.4                                        
3550.00     2.920E-04    +4.7    -6.9    0.0      21.9                                        
3600.00     2.630E-04    +4.8    -7.1    0.0      22.4                                        
3650.00     2.370E-04    +5.0    -7.2    0.0      22.9                                        
3700.00     2.130E-04    +5.1    -7.4    0.0      23.4                                        
3750.00     1.920E-04    +5.3    -7.6    0.0      24.0                                        
3800.00     1.730E-04    +5.5    -7.8    0.0      24.5                                        
3850.00     1.560E-04    +5.6    -7.9    0.0      25.1                                        
3900.00     1.410E-04    +5.8    -8.1    0.0      25.7                                        
3950.00     1.270E-04    +6.0    -8.3    0.0      26.3                                        
4000.00     1.140E-04    +6.1    -8.5    0.0      26.9                                        
4050.00     1.030E-04    +6.3    -8.7    0.0      27.5                                        
4100.00     9.300E-05    +6.5    -8.9    0.0      28.1                                        
4150.00     8.400E-05    +6.7    -9.1    0.0      28.7                                        
4200.00     7.600E-05    +6.9    -9.3    0.0      29.4                                        
4250.00     6.800E-05    +7.1    -9.5    0.0      30.0                                        
4300.00     6.100E-05    +7.3    -9.7    0.0      30.7                                        
4350.00     5.500E-05    +7.5    -10.0   0.0       31.4                                        
4400.00     5.000E-05    +7.7    -10.2   0.0       32.1                                        
4450.00     4.500E-05    +7.9    -10.4   0.0       32.8                                        
4500.00     4.100E-05    +8.1    -10.7   0.0       33.5                                        
4550.00     3.700E-05    +8.3    -10.9   0.0       34.2                                        
4600.00     3.300E-05    +8.5    -11.2   0.0       35.0                                        
4650.00     3.000E-05    +8.8    -11.4   0.0       35.7                                        
4700.00     2.700E-05    +9.0    -11.7   0.0       36.5                                        
4750.00     2.400E-05    +9.2    -11.9   0.0       37.3                                        
4800.00     2.200E-05    +9.5    -12.2   0.0       38.1                                        
4850.00     2.000E-05    +9.7    -12.5   0.0       38.9                                        
4900.00     1.800E-05    +10.0    -12.7  0.0        39.8                                        
4950.00     1.600E-05    +10.2    -13.0  0.0        40.6                                        
5000.00     1.400E-05    +10.5    -13.3  0.0        41.5    
