mH_GeV   XS_pb       Scale_pos  Scale_neg  PDF_plus_alpha_s  PDF  alpha_S
10.00    1.121E+01    +1.0    -0.7     2.0     1.8     0.9
15.00    1.074E+01    +1.0    -0.6     2.0     1.8     0.8
20.00    1.025E+01    +0.9    -0.6     2.0     1.8     0.8
25.00    9.769E+00    +0.8    -0.6     2.0     1.8     0.8
30.00    9.299E+00    +0.9    -0.5     2.0     1.8     0.8
35.00    8.847E+00    +0.8    -0.5     1.9     1.8     0.8
40.00    8.419E+00    +0.8    -0.5     1.9     1.8     0.7
45.00    8.011E+00    +0.8    -0.4     1.9     1.8     0.7
50.00    7.627E+00    +0.8    -0.4     1.9     1.8     0.7
55.00    7.264E+00    +0.7    -0.4     1.9     1.8     0.7
60.00    6.924E+00    +0.7    -0.4     1.9     1.8     0.7
65.00    6.603E+00    +0.7    -0.4     1.9     1.8     0.7
70.00    6.301E+00    +0.7    -0.4     1.9     1.8     0.7
75.00    6.016E+00    +0.6    -0.3     1.9     1.8     0.7
80.00    5.748E+00    +0.6    -0.3     1.9     1.8     0.6
85.00    5.496E+00    +0.6    -0.3     1.9     1.8     0.6
90.00    5.258E+00    +0.6    -0.3     1.9     1.8     0.6
95.00    5.034E+00    +0.6    -0.3     1.9     1.8     0.6
100.00    4.822E+00    +0.5    -0.3     1.9     1.8     0.6
105.00    4.623E+00    +0.5    -0.3     1.9     1.8     0.6
110.00    4.434E+00    +0.5    -0.2     1.9     1.8     0.6
115.00    4.255E+00    +0.5    -0.2     1.9     1.8     0.6
120.00    4.086E+00    +0.5    -0.2     1.9     1.8     0.6
125.00    3.925E+00    +0.5    -0.2     1.9     1.8     0.6
130.00    3.773E+00    +0.4    -0.2     1.9     1.8     0.6
135.00    3.629E+00    +0.4    -0.2     1.9     1.8     0.6
140.00    3.492E+00    +0.4    -0.2     1.9     1.8     0.5
145.00    3.362E+00    +0.4    -0.2     1.9     1.8     0.5
150.00    3.239E+00    +0.4    -0.2     1.9     1.8     0.5
160.00    3.010E+00    +0.4    -0.2     1.9     1.8     0.5
170.00    2.802E+00    +0.4    -0.2     1.9     1.8     0.5
180.00    2.612E+00    +0.3    -0.2     1.9     1.8     0.5
190.00    2.440E+00    +0.3    -0.2     1.9     1.8     0.5
200.00    2.282E+00    +0.3    -0.2     1.9     1.8     0.5
210.00    2.138E+00    +0.3    -0.2     1.9     1.8     0.5
220.00    2.006E+00    +0.3    -0.2     1.9     1.8     0.5
230.00    1.884E+00    +0.3    -0.1     1.9     1.8     0.4
240.00    1.772E+00    +0.3    -0.1     1.9     1.8     0.4
250.00    1.669E+00    +0.3    -0.1     1.9     1.8     0.4
260.00    1.573E+00    +0.3    -0.1     1.9     1.9     0.4
270.00    1.485E+00    +0.3    -0.1     1.9     1.9     0.4
280.00    1.403E+00    +0.3    -0.1     1.9     1.9     0.4
290.00    1.326E+00    +0.3    -0.1     1.9     1.9     0.4
300.00    1.256E+00    +0.3    -0.1     1.9     1.9     0.4
310.00    1.190E+00    +0.3    -0.1     1.9     1.9     0.4
320.00    1.128E+00    +0.3    -0.1     1.9     1.9     0.4
330.00    1.071E+00    +0.3    -0.1     1.9     1.9     0.4
340.00    1.017E+00    +0.3    -0.1     1.9     1.9     0.4
350.00    9.666E-01    +0.3    -0.1     1.9     1.9     0.3
360.00    9.194E-01    +0.3    -0.1     1.9     1.9     0.3
370.00    8.752E-01    +0.3    -0.1     2.0     1.9     0.3
380.00    8.337E-01    +0.3    -0.1     2.0     1.9     0.3
390.00    7.947E-01    +0.3    -0.1     2.0     1.9     0.3
400.00    7.580E-01    +0.3    -0.1     2.0     1.9     0.3
410.00    7.235E-01    +0.3    -0.0     2.0     2.0     0.3
420.00    6.909E-01    +0.3    -0.0     2.0     2.0     0.3
430.00    6.602E-01    +0.3    -0.1     2.0     2.0     0.3
440.00    6.312E-01    +0.3    -0.1     2.0     2.0     0.3
450.00    6.038E-01    +0.3    -0.1     2.0     2.0     0.3
460.00    5.778E-01    +0.3    -0.1     2.0     2.0     0.3
470.00    5.533E-01    +0.3    -0.1     2.0     2.0     0.3
480.00    5.301E-01    +0.3    -0.1     2.0     2.0     0.3
490.00    5.081E-01    +0.3    -0.1     2.0     2.0     0.3
500.00    4.872E-01    +0.3    -0.1     2.0     2.0     0.2
550.00    3.975E-01    +0.3    -0.2     2.1     2.1     0.2
600.00    3.274E-01    +0.3    -0.3     2.1     2.1     0.2
650.00    2.719E-01    +0.3    -0.3     2.1     2.1     0.2
700.00    2.275E-01    +0.3    -0.4     2.2     2.2     0.1
750.00    1.915E-01    +0.3    -0.4     2.2     2.2     0.1
800.00    1.622E-01    +0.3    -0.5     2.3     2.3     0.1
850.00    1.380E-01    +0.3    -0.5     2.3     2.3     0.1
900.00    1.180E-01    +0.3    -0.6     2.4     2.4     0.1
950.00    1.013E-01    +0.3    -0.6     2.4     2.4     0.0
1000.00    8.732E-02    +0.3    -0.7     2.5     2.5     0.0
1050.00    7.551E-02    +0.3    -0.7     2.5     2.5     0.0
1100.00    6.550E-02    +0.3    -0.8     2.6     2.6     0.0
1150.00    5.698E-02    +0.3    -0.8     2.6     2.6     0.0
1200.00    4.970E-02    +0.3    -0.9     2.7     2.7     0.0
1250.00    4.345E-02    +0.3    -0.9     2.7     2.7     0.1
1300.00    3.807E-02    +0.3    -0.9     2.8     2.8     0.1
1350.00    3.343E-02    +0.4    -1.0     2.8     2.8     0.1
1400.00    2.941E-02    +0.4    -1.0     2.9     2.9     0.1
1450.00    2.592E-02    +0.4    -1.1     2.9     2.9     0.1
1500.00    2.288E-02    +0.4    -1.1     3.0     3.0     0.1
1550.00    2.023E-02    +0.5    -1.2     3.0     3.0     0.1
1600.00    1.791E-02    +0.5    -1.2     3.1     3.1     0.1
1650.00    1.588E-02    +0.5    -1.3     3.2     3.2     0.1
1700.00    1.410E-02    +0.5    -1.3     3.2     3.2     0.2
1750.00    1.253E-02    +0.6    -1.4     3.3     3.3     0.2
1800.00    1.115E-02    +0.6    -1.4     3.4     3.3     0.2
1850.00    9.926E-03    +0.6    -1.5     3.4     3.4     0.2
1900.00    8.849E-03    +0.6    -1.5     3.5     3.5     0.2
1950.00    7.896E-03    +0.7    -1.6     3.6     3.6     0.2
2000.00    7.052E-03    +0.7    -1.6     3.6     3.6     0.2
2050.00    6.303E-03    +0.7    -1.7     3.7     3.7     0.2
2100.00    5.638E-03    +0.7    -1.7     3.8     3.8     0.2
2150.00    5.046E-03    +0.7    -1.8     3.9     3.9     0.2
2200.00    4.520E-03    +0.8    -1.8     3.9     3.9     0.2
2250.00    4.051E-03    +0.8    -1.9     4.0     4.0     0.2
2300.00    3.633E-03    +0.8    -1.9     4.1     4.1     0.2
2350.00    3.259E-03    +0.9    -2.0     4.2     4.2     0.2
2400.00    2.925E-03    +0.9    -2.0     4.3     4.3     0.2
2450.00    2.627E-03    +0.9    -2.1     4.4     4.4     0.2
2500.00    2.360E-03    +1.0    -2.1     4.5     4.5     0.2
2550.00    2.122E-03    +1.0    -2.2     4.6     4.6     0.2
2600.00    1.908E-03    +1.0    -2.2     4.7     4.7     0.2
2650.00    1.717E-03    +1.0    -2.3     4.8     4.8     0.2
2700.00    1.545E-03    +1.1    -2.3     4.9     4.9     0.2
2750.00    1.391E-03    +1.1    -2.4     5.0     5.0     0.2
2800.00    1.252E-03    +1.1    -2.4     5.1     5.1     0.2
2850.00    1.128E-03    +1.1    -2.5     5.3     5.3     0.2
2900.00    1.016E-03    +1.2    -2.5     5.4     5.4     0.2
2950.00    9.156E-04    +1.2    -2.6     5.5     5.5     0.2
3000.00    8.253E-04    +1.2    -2.7     5.7     5.7     0.2
4000.00    8.253E-04    +1.2    -2.7     5.7     5.7     0.2
5000.00    8.253E-04    +1.2    -2.7     5.7     5.7     0.2
