-2.4    -2.1    10      11      0       0        0
-2.1    -1.6    10      11      0       0        0
-1.6    -1.2    10      11      0       0        0
-1.2    -0.8    10      11      0       0        0
-0.8    -0.3    10      11      0       0        0
-0.3    -0.2    10      11      0       0        0
-0.2    0       10      11      0       0        0
0       0.2     10      11      0       0        0
0.2     0.3     10      11      0       0        0
0.3     0.8     10      11      0       0        0
0.8     1.2     10      11      0       0        0
1.2     1.6     10      11      0       0        0
1.6     2.1     10      11      0       0        0
2.1     2.4     10      11      0       0        0
-2.4    -2.1    11      12      0       0        0
-2.1    -1.6    11      12      0       0        0
-1.6    -1.2    11      12      0       0        0
-1.2    -0.8    11      12      0       0        0
-0.8    -0.3    11      12      0       0        0
-0.3    -0.2    11      12      0       0        0
-0.2    0       11      12      0       0        0
0       0.2     11      12      0       0        0
0.2     0.3     11      12      0       0        0
0.3     0.8     11      12      0       0        0
0.8     1.2     11      12      0       0        0
1.2     1.6     11      12      0       0        0
1.6     2.1     11      12      0       0        0
2.1     2.4     11      12      0       0        0
-2.4    -2.1    12      13      0       0        0
-2.1    -1.6    12      13      0       0        0
-1.6    -1.2    12      13      0       0        0
-1.2    -0.8    12      13      0       0        0
-0.8    -0.3    12      13      0       0        0
-0.3    -0.2    12      13      0       0        0
-0.2    0       12      13      0       0        0
0       0.2     12      13      0       0        0
0.2     0.3     12      13      0       0        0
0.3     0.8     12      13      0       0        0
0.8     1.2     12      13      0       0        0
1.2     1.6     12      13      0       0        0
1.6     2.1     12      13      0       0        0
2.1     2.4     12      13      0       0        0
-2.4    -2.1    13      14      0       0        0
-2.1    -1.6    13      14      0       0        0
-1.6    -1.2    13      14      0       0        0
-1.2    -0.8    13      14      0       0        0
-0.8    -0.3    13      14      0       0        0
-0.3    -0.2    13      14      0       0        0
-0.2    0       13      14      0       0        0
0       0.2     13      14      0       0        0
0.2     0.3     13      14      0       0        0
0.3     0.8     13      14      0       0        0
0.8     1.2     13      14      0       0        0
1.2     1.6     13      14      0       0        0
1.6     2.1     13      14      0       0        0
2.1     2.4     13      14      0       0        0
-2.4    -2.1    14      15      0       0        0
-2.1    -1.6    14      15      0       0        0
-1.6    -1.2    14      15      0       0        0
-1.2    -0.8    14      15      0       0        0
-0.8    -0.3    14      15      0       0        0
-0.3    -0.2    14      15      0       0        0
-0.2    0       14      15      0       0        0
0       0.2     14      15      0       0        0
0.2     0.3     14      15      0       0        0
0.3     0.8     14      15      0       0        0
0.8     1.2     14      15      0       0        0
1.2     1.6     14      15      0       0        0
1.6     2.1     14      15      0       0        0
2.1     2.4     14      15      0       0        0
-2.4    -2.1    15      16      0.00652076      0.00572164       0.00358972
-2.1    -1.6    15      16      0       0        0
-1.6    -1.2    15      16      0       0        0
-1.2    -0.8    15      16      0       0        0
-0.8    -0.3    15      16      0       0        0
-0.3    -0.2    15      16      0       0        0
-0.2    0       15      16      0       0        0
0       0.2     15      16      0       0        0
0.2     0.3     15      16      0       0        0
0.3     0.8     15      16      0       0        0
0.8     1.2     15      16      0       0        0
1.2     1.6     15      16      0       0        0
1.6     2.1     15      16      0       0        0
2.1     2.4     15      16      0       0        0
-2.4    -2.1    16      17      0       0        0
-2.1    -1.6    16      17      0       0        0
-1.6    -1.2    16      17      0       0        0
-1.2    -0.8    16      17      0       0        0
-0.8    -0.3    16      17      0       0        0
-0.3    -0.2    16      17      0       0        0
-0.2    0       16      17      0       0        0
0       0.2     16      17      0       0        0
0.2     0.3     16      17      0       0        0
0.3     0.8     16      17      0       0        0
0.8     1.2     16      17      0       0        0
1.2     1.6     16      17      0.00928772      0.00429516       0.0032842
1.6     2.1     16      17      0       0        0
2.1     2.4     16      17      0.00792461      0.00545524       0.00373594
-2.4    -2.1    17      18      0.0679853       0.0138191        0.0121855
-2.1    -1.6    17      18      0.0375152       0.00929362       0.00762477
-1.6    -1.2    17      18      0.0394869       0.0079097        0.00700558
-1.2    -0.8    17      18      0.0294907       0.00811229       0.00730554
-0.8    -0.3    17      18      0.020867        0.00660361       0.00579942
-0.3    -0.2    17      18      0       0        0
-0.2    0       17      18      0.026218        0.0152582        0.0123793
0       0.2     17      18      0.0073157       0.0107077        0.00725956
0.2     0.3     17      18      0       0        0
0.3     0.8     17      18      0.0264429       0.0068694        0.00587067
0.8     1.2     17      18      0.0148034       0.00593879       0.0048366
1.2     1.6     17      18      0.0260589       0.0081384        0.0072587
1.6     2.1     17      18      0.0564756       0.00970369       0.00911543
2.1     2.4     17      18      0.0785132       0.0156167        0.0142452
-2.4    -2.1    18      19      0.549179        0.0268134        0.0395432
-2.1    -1.6    18      19      0.705305        0.0162889        0.0162735
-1.6    -1.2    18      19      0.780978        0.0161482        0.0162702
-1.2    -0.8    18      19      0.753709        0.0166074        0.0167829
-0.8    -0.3    18      19      0.760756        0.0154288        0.0158927
-0.3    -0.2    18      19      0.651491        0.0462635        0.0466361
-0.2    0       18      19      0.647857        0.0357099        0.0374401
0       0.2     18      19      0.654143        0.0388355        0.038026
0.2     0.3     18      19      0.635669        0.0453959        0.0470716
0.3     0.8     18      19      0.758882        0.0150715        0.0154603
0.8     1.2     18      19      0.737578        0.0173472        0.0176753
1.2     1.6     18      19      0.791651        0.0137957        0.0142268
1.6     2.1     18      19      0.746716        0.0150877        0.015486
2.1     2.4     18      19      0.576103        0.0255725        0.0257225
-2.4    -2.1    19      20      0.621452        0.0213451        0.0218291
-2.1    -1.6    19      20      0.841085        0.0129738        0.0136678
-1.6    -1.2    19      20      0.864952        0.012117         0.0125477
-1.2    -0.8    19      20      0.818782        0.0140184        0.0146157
-0.8    -0.3    19      20      0.842547        0.0138679        0.0143148
-0.3    -0.2    19      20      0.706614        0.0386603        0.0397773
-0.2    0       19      20      0.779101        0.0253489        0.0279774
0       0.2     19      20      0.770174        0.0329184        0.0387623
0.2     0.3     19      20      0.709855        0.034768         0.0387549
0.3     0.8     19      20      0.820152        0.0126512        0.0128988
0.8     1.2     19      20      0.826661        0.0148699        0.0157806
1.2     1.6     19      20      0.85909 0.0126642        0.012828
1.6     2.1     19      20      0.837499        0.0113237        0.011615
2.1     2.4     19      20      0.69101 0.0234641        0.022287
-2.4    -2.1    20      21      0.68492 0.0195335        0.0197625
-2.1    -1.6    20      21      0.817256        0.0111241        0.011498
-1.6    -1.2    20      21      0.881433        0.0109379        0.0114079
-1.2    -0.8    20      21      0.835596        0.0127294        0.0155416
-0.8    -0.3    20      21      0.849855        0.0103945        0.0108508
-0.3    -0.2    20      21      0.74749 0.0340352        0.0348705
-0.2    0       20      21      0.80307 0.0244397        0.0253196
0       0.2     20      21      0.816652        0.0245166        0.0249844
0.2     0.3     20      21      0.745944        0.0385133        0.0397201
0.3     0.8     20      21      0.84991 0.0112505        0.0114793
0.8     1.2     20      21      0.809101        0.0138777        0.0141307
1.2     1.6     20      21      0.91161 0.0108682        0.01152
1.6     2.1     20      21      0.853846        0.0114211        0.011872
2.1     2.4     20      21      0.734186        0.0199527        0.0208264
-2.4    -2.1    21      22      0.709409        0.0165872        0.0169616
-2.1    -1.6    21      22      0.843266        0.0101098        0.0105152
-1.6    -1.2    21      22      0.899029        0.00909686       0.00933916
-1.2    -0.8    21      22      0.853975        0.0126013        0.0161894
-0.8    -0.3    21      22      0.863955        0.0091447        0.00941782
-0.3    -0.2    21      22      0.77408 0.0263227        0.0278824
-0.2    0       21      22      0.814835        0.0181347        0.019151
0       0.2     21      22      0.812995        0.0206635        0.0210613
0.2     0.3     21      22      0.787517        0.0265795        0.0276975
0.3     0.8     21      22      0.89002 0.0102464        0.0106468
0.8     1.2     21      22      0.849499        0.0108945        0.0114285
1.2     1.6     21      22      0.898743        0.00859774       0.00901852
1.6     2.1     21      22      0.838322        0.0108578        0.0110299
2.1     2.4     21      22      0.72123 0.0179971        0.0187071
-2.4    -2.1    22      23      0.707834        0.0181296        0.0181355
-2.1    -1.6    22      23      0.83571 0.0116036        0.0151707
-1.6    -1.2    22      23      0.916468        0.0143575        0.00877719
-1.2    -0.8    22      23      0.861969        0.00932813       0.0097424
-0.8    -0.3    22      23      0.889809        0.000272305      0.000272305
-0.3    -0.2    22      23      0.761245        0.0250924        0.026522
-0.2    0       22      23      0.87377 0.0145202        0.0156294
0       0.2     22      23      0.844639        0.0182257        0.0197902
0.2     0.3     22      23      0.810301        0.0244199        0.0254227
0.3     0.8     22      23      0.886513        0.00819739       0.00844975
0.8     1.2     22      23      0.848774        0.0108006        0.0110241
1.2     1.6     22      23      0.914522        0.00804705       0.00853098
1.6     2.1     22      23      0.862907        0.010557         0.0108718
2.1     2.4     22      23      0.749976        0.0159222        0.0164557
-2.4    -2.1    23      24      0.747263        0.016622         0.0171694
-2.1    -1.6    23      24      0.842302        0.00985655       0.0100749
-1.6    -1.2    23      24      0.925494        0.00793586       0.00844126
-1.2    -0.8    23      24      0.857733        0.00962269       0.0098506
-0.8    -0.3    23      24      0.90326 0.00823994       0.00855265
-0.3    -0.2    23      24      0.815064        0.0218907        0.021948
-0.2    0       23      24      0.849023        0.0134158        0.0141353
0       0.2     23      24      0.865265        0.0126622        0.0131949
0.2     0.3     23      24      0.757074        0.0232165        0.0235448
0.3     0.8     23      24      0.907766        0.00763732       0.00790278
0.8     1.2     23      24      0.865495        0.0100421        0.0103671
1.2     1.6     23      24      0.911258        0.00751291       0.0078713
1.6     2.1     23      24      0.863437        0.00969222       0.0109638
2.1     2.4     23      24      0.767261        0.0168327        0.0172694
-2.4    -2.1    24      25      0.744924        0.0151582        0.015384
-2.1    -1.6    24      25      0.856085        0.00890801       0.00876429
-1.6    -1.2    24      25      0.923017        0.00784132       0.00863099
-1.2    -0.8    24      25      0.884929        0.00868828       0.0085883
-0.8    -0.3    24      25      0.917148        0.00687409       0.00711096
-0.3    -0.2    24      25      0.792709        0.0214502        0.0222272
-0.2    0       24      25      0.843239        0.0125446        0.0128815
0       0.2     24      25      0.85972 0.013631         0.0141573
0.2     0.3     24      25      0.83354 0.0211427        0.0213128
0.3     0.8     24      25      0.90889 0.00676882       0.00693169
0.8     1.2     24      25      0.867258        0.00860107       0.00890715
1.2     1.6     24      25      0.920102        0.00762533       0.00796056
1.6     2.1     24      25      0.860916        0.00903182       0.00918934
2.1     2.4     24      25      0.767908        0.0146191        0.0148038
-2.4    -2.1    25      26      0.802756        0.0150281        0.0154427
-2.1    -1.6    25      26      0.859476        0.00815142       0.00826058
-1.6    -1.2    25      26      0.930821        0.00682826       0.00710131
-1.2    -0.8    25      26      0.873654        0.0101292        0.00872893
-0.8    -0.3    25      26      0.910592        0.0055571        0.00576819
-0.3    -0.2    25      26      0.833029        0.0159208        0.0167835
-0.2    0       25      26      0.885174        0.0111049        0.0111121
0       0.2     25      26      0.880149        0.0105377        0.0109836
0.2     0.3     25      26      0.807207        0.0197528        0.0228594
0.3     0.8     25      26      0.919607        0.0062426        0.00644291
0.8     1.2     25      26      0.868875        0.0086614        0.00889596
1.2     1.6     25      26      0.914406        0.00727459       0.00755929
1.6     2.1     25      26      0.882902        0.00810937       0.00825112
2.1     2.4     25      26      0.776946        0.0145811        0.0148579
-2.4    -2.1    26      30      0.803634        0.00660749       0.00670628
-2.1    -1.6    26      30      0.86818 0.00415945       0.00422284
-1.6    -1.2    26      30      0.937401        0.00287756       0.00291893
-1.2    -0.8    26      30      0.887164        0.00397899       0.0039764
-0.8    -0.3    26      30      0.928851        0.00261121       0.00264218
-0.3    -0.2    26      30      0.820796        0.00794479       0.00795486
-0.2    0       26      30      0.905966        0.00411272       0.00416719
0       0.2     26      30      0.901777        0.00419994       0.00427907
0.2     0.3     26      30      0.812723        0.00783653       0.00795297
0.3     0.8     26      30      0.927121        0.00262758       0.00264804
0.8     1.2     26      30      0.881806        0.00390247       0.00392485
1.2     1.6     26      30      0.935665        0.00306972       0.00310987
1.6     2.1     26      30      0.86818 0.00393654       0.00395122
2.1     2.4     26      30      0.798215        0.00641869       0.00649734
-2.4    -2.1    30      35      0.827462        0.00496184       0.00498599
-2.1    -1.6    30      35      0.872529        0.00300919       0.00301943
-1.6    -1.2    30      35      0.948474        0.00217094       0.00220349
-1.2    -0.8    30      35      0.896107        0.00268821       0.00270717
-0.8    -0.3    30      35      0.939652        0.0017155        0.00171798
-0.3    -0.2    30      35      0.836447        0.00546831       0.00551298
-0.2    0       30      35      0.922466        0.00278724       0.0028055
0       0.2     30      35      0.925196        0.00271268       0.00275003
0.2     0.3     30      35      0.827921        0.00546796       0.00552042
0.3     0.8     30      35      0.941932        0.00162242       0.00163329
0.8     1.2     30      35      0.884442        0.00274758       0.00275938
1.2     1.6     30      35      0.939682        0.00227677       0.00228824
1.6     2.1     30      35      0.884432        0.00286179       0.00289407
2.1     2.4     30      35      0.832116        0.00480758       0.00481983
-2.4    -2.1    35      40      0.834651        0.00410164       0.00407336
-2.1    -1.6    35      40      0.874891        0.00248227       0.00247357
-1.6    -1.2    35      40      0.94994 0.00173715       0.00175513
-1.2    -0.8    35      40      0.897938        0.00204015       0.00204962
-0.8    -0.3    35      40      0.948239        0.00126603       0.00127263
-0.3    -0.2    35      40      0.833801        0.00464311       0.00467144
-0.2    0       35      40      0.942871        0.00208951       0.00210933
0       0.2     35      40      0.939228        0.00216115       0.00219286
0.2     0.3     35      40      0.839007        0.00452939       0.00458786
0.3     0.8     35      40      0.950463        0.00125608       0.00126131
0.8     1.2     35      40      0.889349        0.00208468       0.00208221
1.2     1.6     35      40      0.947998        0.00171707       0.00174158
1.6     2.1     35      40      0.881073        0.0024129        0.00242158
2.1     2.4     35      40      0.839556        0.00394725       0.00397464
-2.4    -2.1    40      50      0.855724        0.00276536       0.00277252
-2.1    -1.6    40      50      0.882047        0.00157526       0.0015613
-1.6    -1.2    40      50      0.955606        0.000989296      0.000995798
-1.2    -0.8    40      50      0.902378        0.00130612       0.0013113
-0.8    -0.3    40      50      0.956522        0.000813203      0.000820477
-0.3    -0.2    40      50      0.844714        0.00302211       0.00305232
-0.2    0       40      50      0.953398        0.00122511       0.00124497
0       0.2     40      50      0.948468        0.00136166       0.00134944
0.2     0.3     40      50      0.833826        0.00309092       0.00311181
0.3     0.8     40      50      0.957152        5.84876e-05      5.84876e-05
0.8     1.2     40      50      0.895404        0.00134076       0.00134009
1.2     1.6     40      50      0.95325 0.00102541       0.00100998
1.6     2.1     40      50      0.89112 -0       -0
2.1     2.4     40      50      0.860073        0.00228025       0.00261035
-2.4    -2.1    50      60      0.868583        0.00531972       0.00539612
-2.1    -1.6    50      60      0.889366        0.00337449       0.00324731
-1.6    -1.2    50      60      0.962983        0.00196201       0.00201499
-1.2    -0.8    50      60      0.90386 0.00292961       0.00303406
-0.8    -0.3    50      60      0.96204 0.0015864        0.00161954
-0.3    -0.2    50      60      0.844231        0.00704427       0.00718095
-0.2    0       50      60      0.96285 0.00252591       0.00260746
0       0.2     50      60      0.958982        0.0026057        0.00269871
0.2     0.3     50      60      0.836026        0.006221         0.00644444
0.3     0.8     50      60      0.96158 0.00160692       0.00164836
0.8     1.2     50      60      0.903218        0.0025419        0.00259272
1.2     1.6     50      60      0.958506        0.00202339       0.00207214
1.6     2.1     50      60      0.899923        0.00302792       0.00307633
2.1     2.4     50      60      0.869441        0.00550784       0.00576731
-2.4    -2.1    60      80      0.866707        0.00794158       0.00794067
-2.1    -1.6    60      80      0.898191        0.00494237       0.00505234
-1.6    -1.2    60      80      0.960249        0.00304963       0.00316044
-1.2    -0.8    60      80      0.900193        0.00439535       0.00446593
-0.8    -0.3    60      80      0.964109        0.00225777       0.00233594
-0.3    -0.2    60      80      0.858466        0.00879145       0.00914192
-0.2    0       60      80      0.960324        0.00418719       0.00386561
0       0.2     60      80      0.963093        0.00357488       0.00389598
0.2     0.3     60      80      0.862316        0.00915454       0.00933623
0.3     0.8     60      80      0.963178        0.00236314       0.002442
0.8     1.2     60      80      0.904486        0.00414268       0.00421794
1.2     1.6     60      80      0.956292        0.00314833       0.00328256
1.6     2.1     60      80      0.908772        0.0045599        0.00465135
2.1     2.4     60      80      0.878876        0.00808649       0.00795036
-2.4    -2.1    80      120     0.892708        0.0138242        0.0142246
-2.1    -1.6    80      120     0.900193        0.0082657        0.00838813
-1.6    -1.2    80      120     0.963395        0.00487307       0.00516143
-1.2    -0.8    80      120     0.895   0.00648128       0.00672361
-0.8    -0.3    80      120     0.967875        0.00371699       0.00397815
-0.3    -0.2    80      120     0.850071        0.0169562        0.0177997
-0.2    0       80      120     0.963697        0.00617505       0.00677437
0       0.2     80      120     0.958642        0.00662749       0.00720665
0.2     0.3     80      120     0.885554        0.0134025        0.0144966
0.3     0.8     80      120     0.960162        0.00360981       0.00382899
0.8     1.2     80      120     0.891858        0.00750753       0.00785947
1.2     1.6     80      120     0.945658        0.00532812       0.00569291
1.6     2.1     80      120     0.906638        0.00791272       0.00821165
2.1     2.4     80      120     0.872794        0.024414         0.0151645
-2.4    -2.1    120     200     0.811248        0.0744653        0.0420244
-2.1    -1.6    120     200     0.844332        0.0243867        0.0259119
-1.6    -1.2    120     200     0.959509        0.0108564        0.0125476
-1.2    -0.8    120     200     0.888534        0.015579         0.0167711
-0.8    -0.3    120     200     0.938795        0.00904215       0.00997264
-0.3    -0.2    120     200     0.82538 0.0337241        0.039688
-0.2    0       120     200     0.972039        0.00919676       0.0117412
0       0.2     120     200     0.983481        0.00761801       0.010342
0.2     0.3     120     200     0.85078 0.0570206        0.0403533
0.3     0.8     120     200     0.965939        0.00817738       0.00924044
0.8     1.2     120     200     0.877759        0.0154765        0.01645
1.2     1.6     120     200     0.962601        0.0105509        0.0113065
1.6     2.1     120     200     0.894705        0.0164672        0.0178751
2.1     2.4     120     200     0.90564 0.0418245        0.0450208