-2.5    -2.0    10.0    12.0    0.000   0.000
-2.5    -2.0    12.0    13.0    0.222   0.174
-2.5    -2.0    13.0    14.0    0.667   0.430
-2.5    -2.0    14.0    15.0    0.882   0.313
-2.5    -2.0    15.0    17.0    0.733   0.206
-2.5    -2.0    17.0    20.0    0.986   0.164
-2.5    -2.0    20.0    25.0    0.954   0.104
-2.5    -2.0    25.0    30.0    0.991   0.079
-2.5    -2.0    30.0    40.0    0.992   0.041
-2.5    -2.0    40.0    50.0    0.991   0.043
-2.5    -2.0    50.0    60.0    1.000   0.100
-2.5    -2.0    60.0    100.0   0.968   0.174
-2.0    -1.6    10.0    12.0    0.000   0.000
-2.0    -1.6    12.0    13.0    0.000   0.000
-2.0    -1.6    13.0    14.0    0.375   0.254
-2.0    -1.6    14.0    15.0    0.588   0.234
-2.0    -1.6    15.0    17.0    0.880   0.182
-2.0    -1.6    17.0    20.0    0.921   0.153
-2.0    -1.6    20.0    25.0    0.978   0.093
-2.0    -1.6    25.0    30.0    0.988   0.064
-2.0    -1.6    30.0    40.0    0.987   0.031
-2.0    -1.6    40.0    50.0    0.993   0.029
-2.0    -1.6    50.0    60.0    0.993   0.066
-2.0    -1.6    60.0    100.0   0.988   0.107
-1.6    -1.4    10.0    12.0    0.000   0.000
-1.6    -1.4    12.0    13.0    0.000   0.000
-1.6    -1.4    13.0    14.0    1.000   1.414
-1.6    -1.4    14.0    15.0    0.500   0.612
-1.6    -1.4    15.0    17.0    0.500   0.433
-1.6    -1.4    17.0    20.0    0.913   0.276
-1.6    -1.4    20.0    25.0    1.000   0.218
-1.6    -1.4    25.0    30.0    0.952   0.150
-1.6    -1.4    30.0    40.0    0.978   0.073
-1.6    -1.4    40.0    50.0    0.987   0.070
-1.6    -1.4    50.0    60.0    0.988   0.151
-1.6    -1.4    60.0    100.0   0.969   0.244
-1.4    -0.8    10.0    12.0    0.000   0.000
-1.4    -0.8    12.0    13.0    0.222   0.123
-1.4    -0.8    13.0    14.0    0.300   0.140
-1.4    -0.8    14.0    15.0    0.500   0.185
-1.4    -0.8    15.0    17.0    0.786   0.142
-1.4    -0.8    17.0    20.0    0.944   0.107
-1.4    -0.8    20.0    25.0    0.987   0.061
-1.4    -0.8    25.0    30.0    0.974   0.043
-1.4    -0.8    30.0    40.0    0.979   0.019
-1.4    -0.8    40.0    50.0    0.981   0.017
-1.4    -0.8    50.0    60.0    0.979   0.036
-1.4    -0.8    60.0    100.0   0.977   0.061
-0.8    0.0     10.0    12.0    0.000   0.000
-0.8    0.0     12.0    13.0    0.562   0.234
-0.8    0.0     13.0    14.0    0.583   0.196
-0.8    0.0     14.0    15.0    0.842   0.202
-0.8    0.0     15.0    17.0    0.850   0.125
-0.8    0.0     17.0    20.0    0.950   0.092
-0.8    0.0     20.0    25.0    0.953   0.049
-0.8    0.0     25.0    30.0    0.976   0.034
-0.8    0.0     30.0    40.0    0.979   0.015
-0.8    0.0     40.0    50.0    0.981   0.013
-0.8    0.0     50.0    60.0    0.986   0.027
-0.8    0.0     60.0    100.0   0.974   0.043
0.0     0.8     10.0    12.0    0.091   0.067
0.0     0.8     12.0    13.0    0.235   0.131
0.0     0.8     13.0    14.0    0.708   0.225
0.0     0.8     14.0    15.0    0.763   0.188
0.0     0.8     15.0    17.0    0.827   0.142
0.0     0.8     17.0    20.0    0.940   0.088
0.0     0.8     20.0    25.0    0.971   0.048
0.0     0.8     25.0    30.0    0.971   0.033
0.0     0.8     30.0    40.0    0.984   0.015
0.0     0.8     40.0    50.0    0.984   0.012
0.0     0.8     50.0    60.0    0.984   0.027
0.0     0.8     60.0    100.0   0.986   0.043
0.8     1.4     10.0    12.0    0.000   0.000
0.8     1.4     12.0    13.0    0.125   0.077
0.8     1.4     13.0    14.0    0.214   0.136
0.8     1.4     14.0    15.0    0.704   0.211
0.8     1.4     15.0    17.0    0.773   0.144
0.8     1.4     17.0    20.0    0.918   0.101
0.8     1.4     20.0    25.0    0.971   0.061
0.8     1.4     25.0    30.0    0.980   0.043
0.8     1.4     30.0    40.0    0.985   0.019
0.8     1.4     40.0    50.0    0.988   0.017
0.8     1.4     50.0    60.0    0.992   0.038
0.8     1.4     60.0    100.0   0.992   0.063
1.4     1.6     10.0    12.0    0.000   0.000
1.4     1.6     12.0    13.0    0.000   0.000
1.4     1.6     13.0    14.0    0.000   0.000
1.4     1.6     14.0    15.0    0.000   0.000
1.4     1.6     15.0    17.0    0.750   0.405
1.4     1.6     17.0    20.0    0.667   0.351
1.4     1.6     20.0    25.0    0.980   0.199
1.4     1.6     25.0    30.0    1.000   0.164
1.4     1.6     30.0    40.0    0.981   0.073
1.4     1.6     40.0    50.0    0.992   0.071
1.4     1.6     50.0    60.0    0.990   0.142
1.4     1.6     60.0    100.0   0.962   0.269
1.6     2.0     10.0    12.0    0.000   0.000
1.6     2.0     12.0    13.0    0.143   0.153
1.6     2.0     13.0    14.0    0.250   0.198
1.6     2.0     14.0    15.0    0.692   0.300
1.6     2.0     15.0    17.0    0.789   0.273
1.6     2.0     17.0    20.0    0.979   0.143
1.6     2.0     20.0    25.0    0.974   0.090
1.6     2.0     25.0    30.0    0.983   0.064
1.6     2.0     30.0    40.0    0.990   0.032
1.6     2.0     40.0    50.0    0.991   0.030
1.6     2.0     50.0    60.0    0.998   0.067
1.6     2.0     60.0    100.0   0.993   0.114
2.0     2.5     10.0    12.0    0.000   0.000
2.0     2.5     12.0    13.0    0.000   0.000
2.0     2.5     13.0    14.0    0.750   0.405
2.0     2.5     14.0    15.0    0.833   0.357
2.0     2.5     15.0    17.0    0.893   0.246
2.0     2.5     17.0    20.0    0.951   0.151
2.0     2.5     20.0    25.0    0.969   0.108
2.0     2.5     25.0    30.0    0.977   0.080
2.0     2.5     30.0    40.0    0.988   0.043
2.0     2.5     40.0    50.0    0.989   0.043
2.0     2.5     50.0    60.0    0.986   0.095
2.0     2.5     60.0    100.0   1.000   0.175