-2.5    -2.0    10.0    22.0    0.005   0.005
-2.5    -2.0    22.0    23.0    0.000   0.000
-2.5    -2.0    23.0    24.0    0.057   0.042
-2.5    -2.0    24.0    25.0    0.381   0.112
-2.5    -2.0    25.0    26.0    0.625   0.135
-2.5    -2.0    26.0    28.0    0.804   0.116
-2.5    -2.0    28.0    30.0    0.843   0.101
-2.5    -2.0    30.0    35.0    0.902   0.057
-2.5    -2.0    35.0    40.0    0.922   0.051
-2.5    -2.0    40.0    50.0    0.913   0.041
-2.5    -2.0    50.0    60.0    0.915   0.094
-2.5    -2.0    60.0    100.0   0.889   0.163
-2.0    -1.6    10.0    22.0    0.000   0.000
-2.0    -1.6    22.0    23.0    0.000   0.000
-2.0    -1.6    23.0    24.0    0.024   0.024
-2.0    -1.6    24.0    25.0    0.143   0.051
-2.0    -1.6    25.0    26.0    0.460   0.103
-2.0    -1.6    26.0    28.0    0.732   0.088
-2.0    -1.6    28.0    30.0    0.837   0.077
-2.0    -1.6    30.0    35.0    0.906   0.045
-2.0    -1.6    35.0    40.0    0.899   0.038
-2.0    -1.6    40.0    50.0    0.929   0.028
-2.0    -1.6    50.0    60.0    0.920   0.062
-2.0    -1.6    60.0    100.0   0.936   0.103
-1.6    -1.4    10.0    22.0    0.042   0.030
-1.6    -1.4    22.0    23.0    0.000   0.000
-1.6    -1.4    23.0    24.0    0.000   0.000
-1.6    -1.4    24.0    25.0    0.143   0.108
-1.6    -1.4    25.0    26.0    0.273   0.178
-1.6    -1.4    26.0    28.0    0.462   0.161
-1.6    -1.4    28.0    30.0    0.696   0.160
-1.6    -1.4    30.0    35.0    0.828   0.095
-1.6    -1.4    35.0    40.0    0.863   0.090
-1.6    -1.4    40.0    50.0    0.909   0.066
-1.6    -1.4    50.0    60.0    0.919   0.143
-1.6    -1.4    60.0    100.0   0.938   0.238
-1.4    -0.8    10.0    22.0    0.000   0.000
-1.4    -0.8    22.0    23.0    0.017   0.012
-1.4    -0.8    23.0    24.0    0.117   0.032
-1.4    -0.8    24.0    25.0    0.348   0.060
-1.4    -0.8    25.0    26.0    0.493   0.070
-1.4    -0.8    26.0    28.0    0.726   0.058
-1.4    -0.8    28.0    30.0    0.827   0.053
-1.4    -0.8    30.0    35.0    0.881   0.028
-1.4    -0.8    35.0    40.0    0.925   0.023
-1.4    -0.8    40.0    50.0    0.943   0.017
-1.4    -0.8    50.0    60.0    0.954   0.035
-1.4    -0.8    60.0    100.0   0.959   0.061
-0.8    0.0     10.0    22.0    0.000   0.000
-0.8    0.0     22.0    23.0    0.040   0.018
-0.8    0.0     23.0    24.0    0.374   0.051
-0.8    0.0     24.0    25.0    0.657   0.074
-0.8    0.0     25.0    26.0    0.747   0.074
-0.8    0.0     26.0    28.0    0.822   0.051
-0.8    0.0     28.0    30.0    0.868   0.044
-0.8    0.0     30.0    35.0    0.909   0.022
-0.8    0.0     35.0    40.0    0.936   0.018
-0.8    0.0     40.0    50.0    0.955   0.012
-0.8    0.0     50.0    60.0    0.969   0.027
-0.8    0.0     60.0    100.0   0.965   0.043
0.0     0.8     10.0    22.0    0.000   0.000
0.0     0.8     22.0    23.0    0.056   0.019
0.0     0.8     23.0    24.0    0.400   0.053
0.0     0.8     24.0    25.0    0.715   0.076
0.0     0.8     25.0    26.0    0.756   0.073
0.0     0.8     26.0    28.0    0.835   0.048
0.0     0.8     28.0    30.0    0.905   0.045
0.0     0.8     30.0    35.0    0.923   0.023
0.0     0.8     35.0    40.0    0.944   0.018
0.0     0.8     40.0    50.0    0.960   0.012
0.0     0.8     50.0    60.0    0.970   0.026
0.0     0.8     60.0    100.0   0.976   0.043
0.8     1.4     10.0    22.0    0.000   0.000
0.8     1.4     22.0    23.0    0.011   0.011
0.8     1.4     23.0    24.0    0.133   0.035
0.8     1.4     24.0    25.0    0.407   0.063
0.8     1.4     25.0    26.0    0.516   0.072
0.8     1.4     26.0    28.0    0.691   0.052
0.8     1.4     28.0    30.0    0.853   0.056
0.8     1.4     30.0    35.0    0.890   0.029
0.8     1.4     35.0    40.0    0.930   0.023
0.8     1.4     40.0    50.0    0.954   0.016
0.8     1.4     50.0    60.0    0.967   0.037
0.8     1.4     60.0    100.0   0.972   0.062
1.4     1.6     10.0    22.0    0.029   0.029
1.4     1.6     22.0    23.0    0.000   0.000
1.4     1.6     23.0    24.0    0.067   0.069
1.4     1.6     24.0    25.0    0.100   0.105
1.4     1.6     25.0    26.0    0.500   0.306
1.4     1.6     26.0    28.0    0.655   0.193
1.4     1.6     28.0    30.0    0.730   0.185
1.4     1.6     30.0    35.0    0.826   0.097
1.4     1.6     35.0    40.0    0.845   0.088
1.4     1.6     40.0    50.0    0.893   0.066
1.4     1.6     50.0    60.0    0.938   0.137
1.4     1.6     60.0    100.0   0.923   0.261
1.6     2.0     10.0    22.0    0.004   0.004
1.6     2.0     22.0    23.0    0.000   0.000
1.6     2.0     23.0    24.0    0.062   0.032
1.6     2.0     24.0    25.0    0.211   0.067
1.6     2.0     25.0    26.0    0.429   0.089
1.6     2.0     26.0    28.0    0.686   0.083
1.6     2.0     28.0    30.0    0.839   0.083
1.6     2.0     30.0    35.0    0.894   0.047
1.6     2.0     35.0    40.0    0.914   0.038
1.6     2.0     40.0    50.0    0.924   0.029
1.6     2.0     50.0    60.0    0.909   0.062
1.6     2.0     60.0    100.0   0.908   0.106
2.0     2.5     10.0    22.0    0.005   0.005
2.0     2.5     22.0    23.0    0.000   0.000
2.0     2.5     23.0    24.0    0.050   0.036
2.0     2.5     24.0    25.0    0.222   0.078
2.0     2.5     25.0    26.0    0.485   0.148
2.0     2.5     26.0    28.0    0.754   0.106
2.0     2.5     28.0    30.0    0.810   0.100
2.0     2.5     30.0    35.0    0.861   0.057
2.0     2.5     35.0    40.0    0.902   0.055
2.0     2.5     40.0    50.0    0.917   0.041
2.0     2.5     50.0    60.0    0.885   0.088
2.0     2.5     60.0    100.0   1.000   0.175