-2.40	-2.10	0.0	10.0		0.000	0.000	0.002
-2.40	-2.10	10.0	11.0		0.012	0.008	0.016
-2.40	-2.10	11.0	12.0		0.052	0.016	0.021
-2.40	-2.10	12.0	13.0		0.749	0.032	0.030
-2.40	-2.10	13.0	14.0		0.846	0.025	0.023
-2.40	-2.10	14.0	15.0		0.890	0.020	0.018
-2.40	-2.10	15.0	20.0		0.855	0.008	0.008
-2.40	-2.10	20.0	25.0		0.871	0.006	0.005
-2.40	-2.10	25.0	30.0		0.870	0.004	0.004
-2.40	-2.10	30.0	35.0		0.872	0.003	0.003
-2.40	-2.10	35.0	40.0		0.873	0.003	0.003
-2.40	-2.10	40.0	45.0		0.874	0.002	0.002
-2.40	-2.10	45.0	50.0		0.873	0.003	0.003
-2.40	-2.10	50.0	60.0		0.873	0.004	0.004
-2.40	-2.10	60.0	100.0		0.869	0.007	0.006
-2.40	-2.10	100.0	200.0		0.884	0.023	0.020
-2.10	-1.60	0.0	10.0		0.000	0.000	0.001
-2.10	-1.60	10.0	11.0		0.000	0.000	0.006
-2.10	-1.60	11.0	12.0		0.014	0.006	0.009
-2.10	-1.60	12.0	13.0		0.358	0.024	0.025
-2.10	-1.60	13.0	14.0		0.501	0.024	0.024
-2.10	-1.60	14.0	15.0		0.606	0.021	0.021
-2.10	-1.60	15.0	20.0		0.778	0.007	0.006
-2.10	-1.60	20.0	25.0		0.867	0.004	0.004
-2.10	-1.60	25.0	30.0		0.870	0.003	0.003
-2.10	-1.60	30.0	35.0		0.874	0.002	0.002
-2.10	-1.60	35.0	40.0		0.872	0.002	0.002
-2.10	-1.60	40.0	45.0		0.874	0.002	0.002
-2.10	-1.60	45.0	50.0		0.871	0.002	0.002
-2.10	-1.60	50.0	60.0		0.872	0.002	0.002
-2.10	-1.60	60.0	100.0		0.865	0.004	0.004
-2.10	-1.60	100.0	200.0		0.849	0.015	0.014
-1.60	-1.20	0.0	10.0		0.000	0.000	0.002
-1.60	-1.20	10.0	11.0		0.000	0.000	0.009
-1.60	-1.20	11.0	12.0		0.000	0.000	0.007
-1.60	-1.20	12.0	13.0		0.000	0.000	0.006
-1.60	-1.20	13.0	14.0		0.006	0.004	0.007
-1.60	-1.20	14.0	15.0		0.023	0.008	0.011
-1.60	-1.20	15.0	20.0		0.266	0.008	0.008
-1.60	-1.20	20.0	25.0		0.715	0.006	0.006
-1.60	-1.20	25.0	30.0		0.927	0.002	0.002
-1.60	-1.20	30.0	35.0		0.960	0.001	0.001
-1.60	-1.20	35.0	40.0		0.958	0.001	0.001
-1.60	-1.20	40.0	45.0		0.958	0.001	0.001
-1.60	-1.20	45.0	50.0		0.953	0.001	0.001
-1.60	-1.20	50.0	60.0		0.948	0.002	0.002
-1.60	-1.20	60.0	100.0		0.926	0.003	0.003
-1.60	-1.20	100.0	200.0		0.896	0.012	0.011
-1.20	-0.80	0.0	10.0		0.000	0.000	0.004
-1.20	-0.80	10.0	11.0		0.000	0.000	0.010
-1.20	-0.80	11.0	12.0		0.000	0.000	0.008
-1.20	-0.80	12.0	13.0		0.000	0.000	0.007
-1.20	-0.80	13.0	14.0		0.000	0.000	0.005
-1.20	-0.80	14.0	15.0		0.000	0.000	0.005
-1.20	-0.80	15.0	20.0		0.002	0.001	0.001
-1.20	-0.80	20.0	25.0		0.149	0.004	0.005
-1.20	-0.80	25.0	30.0		0.609	0.004	0.004
-1.20	-0.80	30.0	35.0		0.785	0.003	0.003
-1.20	-0.80	35.0	40.0		0.848	0.002	0.002
-1.20	-0.80	40.0	45.0		0.879	0.001	0.001
-1.20	-0.80	45.0	50.0		0.894	0.002	0.002
-1.20	-0.80	50.0	60.0		0.901	0.002	0.002
-1.20	-0.80	60.0	100.0		0.908	0.003	0.003
-1.20	-0.80	100.0	200.0		0.916	0.010	0.009
-0.80	-0.30	0.0	10.0		0.000	0.000	0.005
-0.80	-0.30	10.0	11.0		0.000	0.000	0.010
-0.80	-0.30	11.0	12.0		0.000	0.000	0.008
-0.80	-0.30	12.0	13.0		0.000	0.000	0.006
-0.80	-0.30	13.0	14.0		0.000	0.000	0.005
-0.80	-0.30	14.0	15.0		0.002	0.002	0.004
-0.80	-0.30	15.0	20.0		0.000	0.000	0.000
-0.80	-0.30	20.0	25.0		0.018	0.001	0.001
-0.80	-0.30	25.0	30.0		0.252	0.003	0.003
-0.80	-0.30	30.0	35.0		0.562	0.002	0.002
-0.80	-0.30	35.0	40.0		0.718	0.002	0.002
-0.80	-0.30	40.0	45.0		0.797	0.001	0.001
-0.80	-0.30	45.0	50.0		0.838	0.002	0.002
-0.80	-0.30	50.0	60.0		0.871	0.002	0.002
-0.80	-0.30	60.0	100.0		0.898	0.003	0.003
-0.80	-0.30	100.0	200.0		0.924	0.008	0.008
-0.30	-0.20	0.0	10.0		0.000	0.000	0.043
-0.30	-0.20	10.0	11.0		0.000	0.000	0.062
-0.30	-0.20	11.0	12.0		0.000	0.000	0.064
-0.30	-0.20	12.0	13.0		0.000	0.000	0.034
-0.30	-0.20	13.0	14.0		0.000	0.000	0.030
-0.30	-0.20	14.0	15.0		0.000	0.000	0.021
-0.30	-0.20	15.0	20.0		0.000	0.000	0.002
-0.30	-0.20	20.0	25.0		0.023	0.003	0.004
-0.30	-0.20	25.0	30.0		0.348	0.007	0.007
-0.30	-0.20	30.0	35.0		0.656	0.005	0.005
-0.30	-0.20	35.0	40.0		0.787	0.004	0.004
-0.30	-0.20	40.0	45.0		0.819	0.003	0.003
-0.30	-0.20	45.0	50.0		0.827	0.004	0.004
-0.30	-0.20	50.0	60.0		0.814	0.006	0.005
-0.30	-0.20	60.0	100.0		0.805	0.009	0.009
-0.30	-0.20	100.0	200.0		0.802	0.030	0.027
-0.20	0.20	0.0	10.0		0.000	0.000	0.011
-0.20	0.20	10.0	11.0		0.000	0.000	0.020
-0.20	0.20	11.0	12.0		0.000	0.000	0.014
-0.20	0.20	12.0	13.0		0.000	0.000	0.009
-0.20	0.20	13.0	14.0		0.000	0.000	0.007
-0.20	0.20	14.0	15.0		0.000	0.000	0.005
-0.20	0.20	15.0	20.0		0.000	0.000	0.001
-0.20	0.20	20.0	25.0		0.038	0.002	0.002
-0.20	0.20	25.0	30.0		0.523	0.004	0.004
-0.20	0.20	30.0	35.0		0.870	0.002	0.002
-0.20	0.20	35.0	40.0		0.916	0.001	0.001
-0.20	0.20	40.0	45.0		0.924	0.001	0.001
-0.20	0.20	45.0	50.0		0.924	0.001	0.001
-0.20	0.20	50.0	60.0		0.929	0.002	0.002
-0.20	0.20	60.0	100.0		0.923	0.003	0.003
-0.20	0.20	100.0	200.0		0.926	0.009	0.008
0.20	0.30	0.0	10.0		0.000	0.000	0.050
0.20	0.30	10.0	11.0		0.000	0.000	0.058
0.20	0.30	11.0	12.0		0.000	0.000	0.058
0.20	0.30	12.0	13.0		0.000	0.000	0.047
0.20	0.30	13.0	14.0		0.000	0.000	0.025
0.20	0.30	14.0	15.0		0.000	0.000	0.024
0.20	0.30	15.0	20.0		0.000	0.000	0.002
0.20	0.30	20.0	25.0		0.015	0.003	0.003
0.20	0.30	25.0	30.0		0.287	0.007	0.007
0.20	0.30	30.0	35.0		0.633	0.006	0.006
0.20	0.30	35.0	40.0		0.786	0.004	0.004
0.20	0.30	40.0	45.0		0.824	0.003	0.003
0.20	0.30	45.0	50.0		0.827	0.004	0.004
0.20	0.30	50.0	60.0		0.828	0.006	0.005
0.20	0.30	60.0	100.0		0.828	0.009	0.009
0.20	0.30	100.0	200.0		0.791	0.030	0.028
0.30	0.80	0.0	10.0		0.000	0.000	0.005
0.30	0.80	10.0	11.0		0.000	0.000	0.009
0.30	0.80	11.0	12.0		0.000	0.000	0.007
0.30	0.80	12.0	13.0		0.000	0.000	0.006
0.30	0.80	13.0	14.0		0.000	0.000	0.004
0.30	0.80	14.0	15.0		0.000	0.000	0.004
0.30	0.80	15.0	20.0		0.000	0.000	0.000
0.30	0.80	20.0	25.0		0.013	0.001	0.001
0.30	0.80	25.0	30.0		0.244	0.003	0.003
0.30	0.80	30.0	35.0		0.543	0.002	0.002
0.30	0.80	35.0	40.0		0.702	0.002	0.002
0.30	0.80	40.0	45.0		0.780	0.001	0.001
0.30	0.80	45.0	50.0		0.823	0.002	0.002
0.30	0.80	50.0	60.0		0.852	0.002	0.002
0.30	0.80	60.0	100.0		0.879	0.003	0.003
0.30	0.80	100.0	200.0		0.925	0.008	0.008
0.80	1.20	0.0	10.0		0.000	0.000	0.004
0.80	1.20	10.0	11.0		0.000	0.000	0.009
0.80	1.20	11.0	12.0		0.000	0.000	0.008
0.80	1.20	12.0	13.0		0.000	0.000	0.007
0.80	1.20	13.0	14.0		0.000	0.000	0.006
0.80	1.20	14.0	15.0		0.000	0.000	0.005
0.80	1.20	15.0	20.0		0.000	0.000	0.001
0.80	1.20	20.0	25.0		0.139	0.004	0.004
0.80	1.20	25.0	30.0		0.576	0.004	0.004
0.80	1.20	30.0	35.0		0.759	0.003	0.003
0.80	1.20	35.0	40.0		0.827	0.002	0.002
0.80	1.20	40.0	45.0		0.856	0.001	0.001
0.80	1.20	45.0	50.0		0.873	0.002	0.002
0.80	1.20	50.0	60.0		0.879	0.002	0.002
0.80	1.20	60.0	100.0		0.887	0.004	0.004
0.80	1.20	100.0	200.0		0.879	0.012	0.011
1.20	1.60	0.0	10.0		0.000	0.000	0.002
1.20	1.60	10.0	11.0		0.000	0.000	0.009
1.20	1.60	11.0	12.0		0.000	0.000	0.007
1.20	1.60	12.0	13.0		0.003	0.003	0.008
1.20	1.60	13.0	14.0		0.012	0.006	0.009
1.20	1.60	14.0	15.0		0.035	0.009	0.012
1.20	1.60	15.0	20.0		0.286	0.008	0.008
1.20	1.60	20.0	25.0		0.694	0.006	0.006
1.20	1.60	25.0	30.0		0.904	0.003	0.003
1.20	1.60	30.0	35.0		0.948	0.002	0.002
1.20	1.60	35.0	40.0		0.950	0.001	0.001
1.20	1.60	40.0	45.0		0.948	0.001	0.001
1.20	1.60	45.0	50.0		0.948	0.001	0.001
1.20	1.60	50.0	60.0		0.945	0.002	0.002
1.20	1.60	60.0	100.0		0.936	0.003	0.003
1.20	1.60	100.0	200.0		0.910	0.012	0.010
1.60	2.10	0.0	10.0		0.000	0.000	0.001
1.60	2.10	10.0	11.0		0.000	0.000	0.007
1.60	2.10	11.0	12.0		0.025	0.008	0.012
1.60	2.10	12.0	13.0		0.358	0.024	0.025
1.60	2.10	13.0	14.0		0.507	0.024	0.024
1.60	2.10	14.0	15.0		0.603	0.022	0.021
1.60	2.10	15.0	20.0		0.785	0.007	0.006
1.60	2.10	20.0	25.0		0.876	0.004	0.004
1.60	2.10	25.0	30.0		0.882	0.003	0.003
1.60	2.10	30.0	35.0		0.881	0.002	0.002
1.60	2.10	35.0	40.0		0.876	0.002	0.002
1.60	2.10	40.0	45.0		0.880	0.001	0.001
1.60	2.10	45.0	50.0		0.883	0.002	0.002
1.60	2.10	50.0	60.0		0.881	0.002	0.002
1.60	2.10	60.0	100.0		0.873	0.004	0.004
1.60	2.10	100.0	200.0		0.870	0.015	0.013
2.10	2.40	0.0	10.0		0.000	0.000	0.002
2.10	2.40	10.0	11.0		0.011	0.007	0.014
2.10	2.40	11.0	12.0		0.067	0.017	0.022
2.10	2.40	12.0	13.0		0.731	0.034	0.031
2.10	2.40	13.0	14.0		0.827	0.027	0.024
2.10	2.40	14.0	15.0		0.862	0.023	0.020
2.10	2.40	15.0	20.0		0.848	0.008	0.008
2.10	2.40	20.0	25.0		0.858	0.006	0.006
2.10	2.40	25.0	30.0		0.855	0.004	0.004
2.10	2.40	30.0	35.0		0.862	0.003	0.003
2.10	2.40	35.0	40.0		0.860	0.003	0.003
2.10	2.40	40.0	45.0		0.860	0.002	0.002
2.10	2.40	45.0	50.0		0.860	0.003	0.003
2.10	2.40	50.0	60.0		0.861	0.004	0.004
2.10	2.40	60.0	100.0		0.869	0.007	0.006
2.10	2.40	100.0	200.0		0.853	0.026	0.023
