# etamin  etamax  ptmin   ptmax   eff     deff_high       deff_low
-2.4    -2.1    10      13      0.946689        0.013725         0.0165227
-2.1    -1.6    10      13      0.966713        0.00931206       0.0109161
-1.6    -1.2    10      13      0.975493        0.00820262       0.0105877
-1.2    -0.8    10      13      0.933055        0.0156607        0.0184529
-0.8    -0.3    10      13      0.984178        0.0111489        0.0147362
-0.3    -0.2    10      13      0.90421 0.0800247        0.0944925
-0.2    0.2     10      13      0.904606        0.0317001        0.0372376
0.2     0.3     10      13      0.936401        0.0441966        0.0856418
0.3     0.8     10      13      0.942363        0.0165451        0.0199863
0.8     1.2     10      13      0.913106        0.0177246        0.0203282
1.2     1.6     10      13      0.953902        0.011427         0.013572
1.6     2.1     10      13      0.973763        0.00814399       0.00986316
2.1     2.4     10      13      0.941702        0.0182899        0.0190697
-2.4    -2.1    13      16      0.968871        0.00908958       0.0108949
-2.1    -1.6    13      16      0.967893        0.0073583        0.00824068
-1.6    -1.2    13      16      0.986293        0.00506845       0.0062338
-1.2    -0.8    13      16      0.932036        0.0121618        0.0135195
-0.8    -0.3    13      16      0.968572        0.000776113      0.000776113
-0.3    -0.2    13      16      0.887923        0.0593169        0.0722618
-0.2    0.2     13      16      0.949887        0.0152844        0.0148156
0.2     0.3     13      16      0.88199 0.0474196        0.0551255
0.3     0.8     13      16      0.959056        0.00904105       0.0105078
0.8     1.2     13      16      0.932807        0.0118166        0.0132432
1.2     1.6     13      16      0.980857        0.00688213       0.00843993
1.6     2.1     13      16      0.953601        0.00846237       0.00959758
2.1     2.4     13      16      0.947425        0.0129669        0.0131049
-2.4    -2.1    16      20      0.965253        0.00668043       0.00755855
-2.1    -1.6    16      20      0.966938        0.00543217       0.00597178
-1.6    -1.2    16      20      0.98063 0.00402632       0.00466353
-1.2    -0.8    16      20      0.912201        0.00895573       0.00957242
-0.8    -0.3    16      20      0.969922        0.00536995       0.00586347
-0.3    -0.2    16      20      0.829035        0.0322549        0.0347391
-0.2    0.2     16      20      0.947415        0.00816484       0.00894312
0.2     0.3     16      20      0.867708        0.0268595        0.0294718
0.3     0.8     16      20      0.967552        0.00484753       0.00536501
0.8     1.2     16      20      0.905652        0.00905034       0.00970253
1.2     1.6     16      20      0.971715        0.00475542       0.00531506
1.6     2.1     16      20      0.958946        0.00532871       0.0058235
2.1     2.4     16      20      0.95067 0.00770512       0.00860913
-2.4    -2.1    20      25      0.976946        0.00363199       0.00397743
-2.1    -1.6    20      25      0.964787        0.00325365       0.00345726
-1.6    -1.2    20      25      0.979306        0.00287366       0.00307546
-1.2    -0.8    20      25      0.917351        0.00615262       0.0064791
-0.8    -0.3    20      25      0.975794        0.00255397       0.00273958
-0.3    -0.2    20      25      0.846191        0.017693         0.015741
-0.2    0.2     20      25      0.955329        0.00389198       0.00413611
0.2     0.3     20      25      0.869881        0.0137742        0.0147917
0.3     0.8     20      25      0.971966        0.00277079       0.00296261
0.8     1.2     20      25      0.909143        0.0060378        0.00620456
1.2     1.6     20      25      0.974   0.00328186       0.00349967
1.6     2.1     20      25      0.966479        0.00337286       0.00348653
2.1     2.4     20      25      0.963855        0.00443692       0.00480733
-2.4    -2.1    25      30      0.970919        0.00323335       0.0034696
-2.1    -1.6    25      30      0.971246        0.00269872       0.00282242
-1.6    -1.2    25      30      0.982295        0.00223871       0.00211585
-1.2    -0.8    25      30      0.919693        0.00460701       0.00459246
-0.8    -0.3    25      30      0.974442        0.00218859       0.00225634
-0.3    -0.2    25      30      0.832072        0.0103747        0.01084
-0.2    0.2     25      30      0.953309        0.0027229        0.0028081
0.2     0.3     25      30      0.87855 0.00990741       0.0101433
0.3     0.8     25      30      0.971961        0.00217068       0.00225941
0.8     1.2     25      30      0.918574        0.00437295       0.00438095
1.2     1.6     25      30      0.970956        0.00246985       0.00263436
1.6     2.1     25      30      0.964843        0.00262274       0.00276379
2.1     2.4     25      30      0.965312        0.0040704        0.00431453
-2.4    -2.1    30      40      0.977835        0.00188008       0.00194534
-2.1    -1.6    30      40      0.961839        0.0016481        0.00165473
-1.6    -1.2    30      40      0.980098        0.00218467       0.00217572
-1.2    -0.8    30      40      0.915603        0.00218467       0.00217572
-0.8    -0.3    30      40      0.974706        0.000959804      0.000979257
-0.3    -0.2    30      40      0.833795        0.00554584       0.005643
-0.2    0.2     30      40      0.955337        0.00146054       0.00147708
0.2     0.3     30      40      0.876541        0.0048656        0.0049483
0.3     0.8     30      40      0.972488        0.00103841       0.00104771
0.8     1.2     30      40      0.910965        0.00224419       0.00224112
1.2     1.6     30      40      0.972894        0.00137014       0.00137514
1.6     2.1     30      40      0.964575        0.00144335       0.0014797
2.1     2.4     30      40      0.968227        0.00215527       0.00222827
-2.4    -2.1    40      60      0.973113        0.00167281       0.00171333
-2.1    -1.6    40      60      0.96236 0.00119035       0.00119035
-1.6    -1.2    40      60      0.982166        0.000825468      0.000842773
-1.2    -0.8    40      60      0.909949        0.00174773       0.00175098
-0.8    -0.3    40      60      0.970397        0.000841583      0.000857079
-0.3    -0.2    40      60      0.848824        0.00425197       0.00432396
-0.2    0.2     40      60      0.952101        0.00129377       0.0013071
0.2     0.3     40      60      0.874435        0.00390315       0.00397556
0.3     0.8     40      60      0.970429        0.000878755      0.000856109
0.8     1.2     40      60      0.915895        0.00167443       0.00167585
1.2     1.6     40      60      0.973645        0.00120258       0.000998461
1.6     2.1     40      60      0.965038        0.000117037      0.000117037
2.1     2.4     40      60      0.964085        0.000117037      0.000117037
-2.4    -2.1    60      100     0.97571 0.00536877       0.00587144
-2.1    -1.6    60      100     0.965319        0.00340802       0.00365136
-1.6    -1.2    60      100     0.977821        0.00269021       0.00292949
-1.2    -0.8    60      100     0.90667 0.00545894       0.00593202
-0.8    -0.3    60      100     0.964972        0.00292804       0.00304751
-0.3    -0.2    60      100     0.793532        0.0150669        0.0155049
-0.2    0.2     60      100     0.948951        0.00393165       0.00405463
0.2     0.3     60      100     0.851645        0.0139877        0.0144984
0.3     0.8     60      100     0.968722        0.0026477        0.00279931
0.8     1.2     60      100     0.91269 0.00562959       0.00581322
1.2     1.6     60      100     0.97839 0.00269358       0.00291644
1.6     2.1     60      100     0.953039        0.00432176       0.0044776
2.1     2.4     60      100     0.960414        0.00696403       0.00773375
-2.4    -2.1    100     200     0.95942 0.0168363        0.0231596
-2.1    -1.6    100     200     0.932024        0.0166271        0.0186657
-1.6    -1.2    100     200     0.970017        0.0100011        0.0120586
-1.2    -0.8    100     200     0.925406        0.0128222        0.0143458
-0.8    -0.3    100     200     0.974359        0.00624862       0.00740347
-0.3    -0.2    100     200     0.812011        0.0407067        0.0434079
-0.2    0.2     100     200     0.95512 0.00947631       0.0110038
0.2     0.3     100     200     0.864833        0.0390695        0.043926
0.3     0.8     100     200     0.970756        0.00685676       0.00809846
0.8     1.2     100     200     0.931503        0.0145357        0.0160747
1.2     1.6     100     200     0.941117        0.0120141        0.0137964
1.6     2.1     100     200     0.934502        0.0129227        0.0147415
2.1     2.4     100     200     0.989985        0.0100145        0.0167452