  -2.500   -2.000   10.000   20.000    0.270    0.005    0.243    0.002    0.002    0.000    0.000    0.000 
  -2.000   -1.566   10.000   20.000    0.362    0.006    0.366    0.002    0.002    0.004    0.001    0.002 
  -1.566   -1.444   10.000   20.000    0.301    0.014    0.264    0.004    0.001    0.011    0.000    0.000 
  -1.444   -0.800   10.000   20.000    0.402    0.006    0.367    0.002    0.003    0.000    0.000    0.002 
  -0.800    0.000   10.000   20.000    0.449    0.006    0.392    0.002    0.007    0.010    0.002    0.003 
   0.000    0.800   10.000   20.000    0.448    0.006    0.399    0.002    0.006    0.005    0.001    0.004 
   0.800    1.444   10.000   20.000    0.404    0.005    0.357    0.002    0.002    0.001    0.001    0.002 
   1.444    1.566   10.000   20.000    0.251    0.013    0.256    0.004    0.015    0.019    0.003    0.000 
   1.566    2.000   10.000   20.000    0.362    0.006    0.365    0.002    0.001    0.001    0.001    0.002 
   2.000    2.500   10.000   20.000    0.284    0.005    0.243    0.002    0.004    0.005    0.000    0.003 
  -2.500   -2.000   20.000   35.000    0.465    0.002    0.468    0.001    0.008    0.001    0.000    0.007 
  -2.000   -1.566   20.000   35.000    0.561    0.002    0.593    0.001    0.007    0.008    0.000    0.008 
  -1.566   -1.444   20.000   35.000    0.408    0.003    0.416    0.002    0.007    0.017    0.001    0.008 
  -1.444   -0.800   20.000   35.000    0.572    0.001    0.560    0.001    0.013    0.007    0.000    0.008 
  -0.800    0.000   20.000   35.000    0.627    0.001    0.614    0.001    0.011    0.004    0.000    0.007 
   0.000    0.800   20.000   35.000    0.634    0.001    0.619    0.001    0.011    0.005    0.000    0.009 
   0.800    1.444   20.000   35.000    0.562    0.001    0.550    0.001    0.010    0.011    0.000    0.008 
   1.444    1.566   20.000   35.000    0.401    0.003    0.412    0.002    0.021    0.002    0.001    0.009 
   1.566    2.000   20.000   35.000    0.550    0.002    0.589    0.001    0.000    0.016    0.000    0.009 
   2.000    2.500   20.000   35.000    0.467    0.002    0.461    0.001    0.011    0.003    0.000    0.006 
  -2.500   -2.000   35.000   50.000    0.575    0.001    0.597    0.001    0.002    0.001    0.000    0.001 
  -2.000   -1.566   35.000   50.000    0.686    0.001    0.718    0.001    0.001    0.001    0.000    0.001 
  -1.566   -1.444   35.000   50.000    0.572    0.002    0.571    0.001    0.000    0.000    0.001    0.001 
  -1.444   -0.800   35.000   50.000    0.693    0.001    0.696    0.001    0.000    0.003    0.000    0.000 
  -0.800    0.000   35.000   50.000    0.745    0.001    0.745    0.001    0.001    0.002    0.000    0.000 
   0.000    0.800   35.000   50.000    0.750    0.001    0.748    0.001    0.001    0.002    0.000    0.001 
   0.800    1.444   35.000   50.000    0.683    0.001    0.687    0.001    0.000    0.002    0.000    0.000 
   1.444    1.566   35.000   50.000    0.553    0.002    0.568    0.001    0.001    0.028    0.000    0.000 
   1.566    2.000   35.000   50.000    0.681    0.001    0.719    0.001    0.000    0.000    0.000    0.001 
   2.000    2.500   35.000   50.000    0.575    0.001    0.591    0.001    0.003    0.001    0.001    0.000 
  -2.500   -2.000   50.000   90.000    0.627    0.003    0.665    0.001    0.001    0.007    0.000    0.002 
  -2.000   -1.566   50.000   90.000    0.734    0.002    0.767    0.001    0.001    0.009    0.000    0.003 
  -1.566   -1.444   50.000   90.000    0.592    0.005    0.607    0.002    0.000    0.018    0.000    0.004 
  -1.444   -0.800   50.000   90.000    0.753    0.001    0.762    0.001    0.000    0.001    0.001    0.001 
  -0.800    0.000   50.000   90.000    0.793    0.001    0.797    0.001    0.000    0.005    0.000    0.002 
   0.000    0.800   50.000   90.000    0.798    0.001    0.799    0.001    0.000    0.004    0.000    0.002 
   0.800    1.444   50.000   90.000    0.743    0.001    0.751    0.001    0.001    0.003    0.000    0.002 
   1.444    1.566   50.000   90.000    0.568    0.005    0.602    0.002    0.001    0.001    0.000    0.006 
   1.566    2.000   50.000   90.000    0.741    0.002    0.770    0.001    0.001    0.006    0.001    0.000 
   2.000    2.500   50.000   90.000    0.631    0.003    0.656    0.001    0.002    0.012    0.000    0.001 
  -2.500   -2.000   90.000  150.000    0.682    0.014    0.700    0.005    0.004    0.007    0.002    0.000 
  -2.000   -1.566   90.000  150.000    0.773    0.010    0.801    0.003    0.000    0.001    0.001    0.002 
  -1.566   -1.444   90.000  150.000    0.658    0.024    0.646    0.009    0.001    0.023    0.003    0.002 
  -1.444   -0.800   90.000  150.000    0.820    0.006    0.814    0.002    0.009    0.001    0.001    0.001 
  -0.800    0.000   90.000  150.000    0.843    0.004    0.839    0.002    0.005    0.005    0.000    0.000 
   0.000    0.800   90.000  150.000    0.850    0.005    0.845    0.002    0.004    0.002    0.001    0.001 
   0.800    1.444   90.000  150.000    0.817    0.006    0.814    0.002    0.014    0.010    0.002    0.001 
   1.444    1.566   90.000  150.000    0.663    0.028    0.652    0.009    0.008    0.003    0.004    0.002 
   1.566    2.000   90.000  150.000    0.788    0.010    0.800    0.004    0.000    0.005    0.001    0.002 
   2.000    2.500   90.000  150.000    0.678    0.015    0.703    0.005    0.002    0.010    0.001    0.001 
  -2.500   -2.000  150.000  500.000    0.612    0.031    0.656    0.012    0.005    0.007    0.003    0.004 
  -2.000   -1.566  150.000  500.000    0.762    0.021    0.780    0.008    0.004    0.004    0.001    0.001 
  -1.566   -1.444  150.000  500.000    0.626    0.049    0.677    0.018    0.013    0.008    0.010    0.007 
  -1.444   -0.800  150.000  500.000    0.798    0.011    0.818    0.004    0.002    0.006    0.003    0.002 
  -0.800    0.000  150.000  500.000    0.846    0.008    0.849    0.003    0.002    0.005    0.001    0.001 
   0.000    0.800  150.000  500.000    0.846    0.008    0.849    0.003    0.004    0.006    0.002    0.002 
   0.800    1.444  150.000  500.000    0.808    0.012    0.805    0.004    0.008    0.004    0.002    0.002 
   1.444    1.566  150.000  500.000    0.650    0.048    0.676    0.018    0.005    0.007    0.009    0.008 
   1.566    2.000  150.000  500.000    0.773    0.021    0.792    0.007    0.003    0.006    0.002    0.000 
   2.000    2.500  150.000  500.000    0.708    0.034    0.708    0.012    0.000    0.002    0.001    0.008 
