-2.5    -2.0    10.0    22.0    0.000   0.000
-2.5    -2.0    22.0    23.0    0.000   0.000
-2.5    -2.0    23.0    24.0    0.133   0.100
-2.5    -2.0    24.0    25.0    0.286   0.132
-2.5    -2.0    25.0    26.0    0.684   0.246
-2.5    -2.0    26.0    28.0    0.744   0.182
-2.5    -2.0    28.0    30.0    0.872   0.186
-2.5    -2.0    30.0    35.0    0.833   0.094
-2.5    -2.0    35.0    40.0    0.907   0.087
-2.5    -2.0    40.0    50.0    0.935   0.083
-2.5    -2.0    50.0    60.0    0.906   0.180
-2.5    -2.0    60.0    100.0   0.923   0.370
-2.0    -1.6    10.0    22.0    0.000   0.000
-2.0    -1.6    22.0    23.0    0.000   0.000
-2.0    -1.6    23.0    24.0    0.000   0.000
-2.0    -1.6    24.0    25.0    0.200   0.083
-2.0    -1.6    25.0    26.0    0.533   0.135
-2.0    -1.6    26.0    28.0    0.735   0.106
-2.0    -1.6    28.0    30.0    0.795   0.093
-2.0    -1.6    30.0    35.0    0.901   0.060
-2.0    -1.6    35.0    40.0    0.912   0.048
-2.0    -1.6    40.0    50.0    0.915   0.038
-2.0    -1.6    50.0    60.0    0.901   0.084
-2.0    -1.6    60.0    100.0   0.974   0.158
-1.6    -1.4    10.0    22.0    0.030   0.031
-1.6    -1.4    22.0    23.0    0.000   0.000
-1.6    -1.4    23.0    24.0    0.200   0.219
-1.6    -1.4    24.0    25.0    0.167   0.180
-1.6    -1.4    25.0    26.0    0.167   0.180
-1.6    -1.4    26.0    28.0    0.515   0.154
-1.6    -1.4    28.0    30.0    0.808   0.237
-1.6    -1.4    30.0    35.0    0.773   0.107
-1.6    -1.4    35.0    40.0    0.893   0.103
-1.6    -1.4    40.0    50.0    0.898   0.080
-1.6    -1.4    50.0    60.0    0.903   0.167
-1.6    -1.4    60.0    100.0   0.875   0.261
-1.4    -0.8    10.0    22.0    0.000   0.000
-1.4    -0.8    22.0    23.0    0.012   0.012
-1.4    -0.8    23.0    24.0    0.110   0.033
-1.4    -0.8    24.0    25.0    0.326   0.069
-1.4    -0.8    25.0    26.0    0.532   0.080
-1.4    -0.8    26.0    28.0    0.695   0.058
-1.4    -0.8    28.0    30.0    0.809   0.058
-1.4    -0.8    30.0    35.0    0.891   0.032
-1.4    -0.8    35.0    40.0    0.926   0.027
-1.4    -0.8    40.0    50.0    0.943   0.018
-1.4    -0.8    50.0    60.0    0.954   0.039
-1.4    -0.8    60.0    100.0   0.953   0.066
-0.8    0.0     10.0    22.0    0.000   0.000
-0.8    0.0     22.0    23.0    0.019   0.013
-0.8    0.0     23.0    24.0    0.425   0.071
-0.8    0.0     24.0    25.0    0.639   0.079
-0.8    0.0     25.0    26.0    0.720   0.086
-0.8    0.0     26.0    28.0    0.860   0.061
-0.8    0.0     28.0    30.0    0.870   0.050
-0.8    0.0     30.0    35.0    0.909   0.026
-0.8    0.0     35.0    40.0    0.942   0.020
-0.8    0.0     40.0    50.0    0.963   0.014
-0.8    0.0     50.0    60.0    0.973   0.030
-0.8    0.0     60.0    100.0   0.970   0.048
0.0     0.8     10.0    22.0    0.004   0.003
0.0     0.8     22.0    23.0    0.080   0.029
0.0     0.8     23.0    24.0    0.464   0.070
0.0     0.8     24.0    25.0    0.651   0.085
0.0     0.8     25.0    26.0    0.835   0.099
0.0     0.8     26.0    28.0    0.866   0.059
0.0     0.8     28.0    30.0    0.885   0.051
0.0     0.8     30.0    35.0    0.919   0.025
0.0     0.8     35.0    40.0    0.944   0.020
0.0     0.8     40.0    50.0    0.965   0.013
0.0     0.8     50.0    60.0    0.977   0.029
0.0     0.8     60.0    100.0   0.980   0.049
0.8     1.4     10.0    22.0    0.000   0.000
0.8     1.4     22.0    23.0    0.013   0.013
0.8     1.4     23.0    24.0    0.155   0.043
0.8     1.4     24.0    25.0    0.321   0.057
0.8     1.4     25.0    26.0    0.559   0.080
0.8     1.4     26.0    28.0    0.667   0.059
0.8     1.4     28.0    30.0    0.863   0.062
0.8     1.4     30.0    35.0    0.898   0.033
0.8     1.4     35.0    40.0    0.933   0.027
0.8     1.4     40.0    50.0    0.956   0.018
0.8     1.4     50.0    60.0    0.967   0.041
0.8     1.4     60.0    100.0   0.971   0.068
1.4     1.6     10.0    22.0    0.000   0.000
1.4     1.6     22.0    23.0    0.000   0.000
1.4     1.6     23.0    24.0    0.000   0.000
1.4     1.6     24.0    25.0    0.154   0.117
1.4     1.6     25.0    26.0    0.222   0.174
1.4     1.6     26.0    28.0    0.647   0.250
1.4     1.6     28.0    30.0    0.840   0.249
1.4     1.6     30.0    35.0    0.837   0.122
1.4     1.6     35.0    40.0    0.871   0.108
1.4     1.6     40.0    50.0    0.886   0.084
1.4     1.6     50.0    60.0    0.949   0.177
1.4     1.6     60.0    100.0   0.909   0.281
1.6     2.0     10.0    22.0    0.000   0.000
1.6     2.0     22.0    23.0    0.050   0.036
1.6     2.0     23.0    24.0    0.000   0.000
1.6     2.0     24.0    25.0    0.235   0.092
1.6     2.0     25.0    26.0    0.378   0.108
1.6     2.0     26.0    28.0    0.796   0.113
1.6     2.0     28.0    30.0    0.857   0.109
1.6     2.0     30.0    35.0    0.870   0.057
1.6     2.0     35.0    40.0    0.908   0.051
1.6     2.0     40.0    50.0    0.917   0.040
1.6     2.0     50.0    60.0    0.928   0.090
1.6     2.0     60.0    100.0   0.927   0.148
2.0     2.5     10.0    22.0    0.000   0.000
2.0     2.5     22.0    23.0    0.000   0.000
2.0     2.5     23.0    24.0    0.000   0.000
2.0     2.5     24.0    25.0    0.571   0.253
2.0     2.5     25.0    26.0    0.727   0.338
2.0     2.5     26.0    28.0    0.812   0.215
2.0     2.5     28.0    30.0    0.898   0.186
2.0     2.5     30.0    35.0    0.894   0.092
2.0     2.5     35.0    40.0    0.908   0.092
2.0     2.5     40.0    50.0    0.901   0.079
2.0     2.5     50.0    60.0    0.938   0.195
2.0     2.5     60.0    100.0   1.000   0.324