# etamin  etamax  ptmin   ptmax   eff     deff_high       deff_low
-2.4    -2.1    10      12      0.90095 0.0232386        0.0270284
-2.1    -1.6    10      12      0.952971        0.0143376        0.0165717
-1.6    -1.2    10      12      0.940154        0.0159492        0.0192434
-1.2    -0.8    10      12      0.785806        0.0356692        0.0393058
-0.8    -0.3    10      12      0.993801        0.00619879       0.0142235
-0.3    -0.2    10      12      0.877743        0.122257         0.352053
-0.2    0.2     10      12      0.832672        0.0544973        0.0632153
0.2     0.3     10      12      0.806401        0.103738         0.152832
0.3     0.8     10      12      0.930522        0.0248923        0.0319375
0.8     1.2     10      12      0.815115        0.0301292        0.032925
1.2     1.6     10      12      0.928104        0.017158         0.0200308
1.6     2.1     10      12      0.959614        0.0142539        0.0181367
2.1     2.4     10      12      0.904938        0.0279742        0.0325797
-2.4    -2.1    12      14      0.930899        0.0180883        0.0180883
-2.1    -1.6    12      14      0.935344        0.0141223        0.0158974
-1.6    -1.2    12      14      0.966495        0.011945         0.0142845
-1.2    -0.8    12      14      0.813306        0.0289326        0.0298977
-0.8    -0.3    12      14      0.95306 0.0145817        0.0182119
-0.3    -0.2    12      14      0.813114        0.0680076        0.080901
-0.2    0.2     12      14      0.923146        0.0428198        0.0312195
0.2     0.3     12      14      0.68974 0.103949         0.142611
0.3     0.8     12      14      0.934673        0.015466         0.018359
0.8     1.2     12      14      0.769704        0.0338499        0.0354704
1.2     1.6     12      14      0.94073 0.0133004        0.0154548
1.6     2.1     12      14      0.940884        0.0123427        0.0136986
2.1     2.4     12      14      0.952214        0.0167051        0.0174932
-2.4    -2.1    14      16      0.914541        0.0162306        0.0183709
-2.1    -1.6    14      16      0.954383        0.00943998       0.010639
-1.6    -1.2    14      16      0.944672        0.0110486        0.0127026
-1.2    -0.8    14      16      0.785092        0.0222378        0.0232581
-0.8    -0.3    14      16      0.944206        0.0149432        0.0160823
-0.3    -0.2    14      16      0.755562        0.0808029        0.0885338
-0.2    0.2     14      16      0.929275        0.0196111        0.021112
0.2     0.3     14      16      0.767821        0.0533672        0.0600031
0.3     0.8     14      16      0.94239 0.0122992        0.014345
0.8     1.2     14      16      0.799214        0.0230593        0.0240248
1.2     1.6     14      16      0.945204        0.0107146        0.0122849
1.6     2.1     14      16      0.925219        0.0115504        0.0129913
2.1     2.4     14      16      0.925985        0.0148477        0.0170549
-2.4    -2.1    16      18      0.942832        0.013591         0.015354
-2.1    -1.6    16      18      0.950895        0.00899491       0.00998522
-1.6    -1.2    16      18      0.94913 0.0090095        0.0101643
-1.2    -0.8    16      18      0.757266        0.0202819        0.0207406
-0.8    -0.3    16      18      0.95969 0.0102871        0.011644
-0.3    -0.2    16      18      0.702849        0.0594321        0.0614908
-0.2    0.2     16      18      0.921793        0.0162895        0.0182711
0.2     0.3     16      18      0.72167 0.0517708        0.0550059
0.3     0.8     16      18      0.934143        0.0108182        0.0120929
0.8     1.2     16      18      0.731597        0.0200354        0.0204083
1.2     1.6     16      18      0.951597        0.00876761       0.00993293
1.6     2.1     16      18      0.941153        0.00910834       0.0100359
2.1     2.4     16      18      0.900201        0.0159348        0.0176389
-2.4    -2.1    18      20      0.936645        0.0107872        0.0120802
-2.1    -1.6    18      20      0.947407        0.00811433       0.00885795
-1.6    -1.2    18      20      0.937392        0.00907567       0.0100175
-1.2    -0.8    18      20      0.776777        0.0165443        0.0172444
-0.8    -0.3    18      20      0.96565 0.00610434       0.00689627
-0.3    -0.2    18      20      0.733806        0.0485323        0.0519585
-0.2    0.2     18      20      0.902947        0.0143942        0.0152656
0.2     0.3     18      20      0.739893        0.0449938        0.0430583
0.3     0.8     18      20      0.970752        0.00556006       0.00633981
0.8     1.2     18      20      0.775726        0.0158611        0.0166303
1.2     1.6     18      20      0.925299        0.0095392        0.0104273
1.6     2.1     18      20      0.936453        0.00800294       0.00870939
2.1     2.4     18      20      0.914885        0.012516         0.0137664
-2.4    -2.1    20      25      0.954065        0.00505203       0.0053093
-2.1    -1.6    20      25      0.950483        0.00368996       0.00389255
-1.6    -1.2    20      25      0.949241        0.00467092       0.00452542
-1.2    -0.8    20      25      0.789671        0.00858401       0.00875759
-0.8    -0.3    20      25      0.964093        0.00314275       0.00338992
-0.3    -0.2    20      25      0.726438        0.017182         0.0176471
-0.2    0.2     20      25      0.905181        0.00567581       0.00585766
0.2     0.3     20      25      0.757157        0.0165742        0.017356
0.3     0.8     20      25      0.9607  0.00320973       0.00338766
0.8     1.2     20      25      0.776804        0.00819792       0.0083129
1.2     1.6     20      25      0.944316        0.00456878       0.00456878
1.6     2.1     20      25      0.94782 0.00388344       0.00401803
2.1     2.4     20      25      0.939926        0.00561177       0.00587783
-2.4    -2.1    25      30      0.954911        0.0039552        0.00417798
-2.1    -1.6    25      30      0.959924        0.00309078       0.00318875
-1.6    -1.2    25      30      0.947931        0.00326732       0.00342621
-1.2    -0.8    25      30      0.785123        0.00665222       0.00662259
-0.8    -0.3    25      30      0.964928        0.00244124       0.00249101
-0.3    -0.2    25      30      0.714087        0.0121044        0.0123302
-0.2    0.2     25      30      0.909196        0.00382005       0.00385734
0.2     0.3     25      30      0.769253        0.0119822        0.0120883
0.3     0.8     25      30      0.957489        0.00261089       0.00270545
0.8     1.2     25      30      0.785388        0.00625934       0.00635824
1.2     1.6     25      30      0.941182        0.000202249      0.000202249
1.6     2.1     25      30      0.949152        0.00309151       0.00317243
2.1     2.4     25      30      0.942894        0.00505931       0.00528533
-2.4    -2.1    30      35      0.955151        0.00385003       0.00397274
-2.1    -1.6    30      35      0.94561 0.00303257       0.00312273
-1.6    -1.2    30      35      0.940992        0.00333026       0.00335171
-1.2    -0.8    30      35      0.796072        0.00518921       0.00511084
-0.8    -0.3    30      35      0.964682        0.0018984        0.00189074
-0.3    -0.2    30      35      0.71243 0.00981684       0.00987075
-0.2    0.2     30      35      0.915706        0.00300183       0.00306717
0.2     0.3     30      35      0.763488        0.00924864       0.00932904
0.3     0.8     30      35      0.961847        0.00186227       0.00189426
0.8     1.2     30      35      0.780936        0.00530935       0.0052284
1.2     1.6     30      35      0.942159        0.00316588       0.00323838
1.6     2.1     30      35      0.952208        0.00256909       0.00264556
2.1     2.4     30      35      0.946545        0.00412458       0.00428465
-2.4    -2.1    35      40      0.956151        0.00314607       0.0032587
-2.1    -1.6    35      40      0.946632        0.00246908       0.00245017
-1.6    -1.2    35      40      0.947208        0.00255382       0.00254255
-1.2    -0.8    35      40      0.789867        0.00398527       0.00400669
-0.8    -0.3    35      40      0.963926        0.00160028       0.00157851
-0.3    -0.2    35      40      0.734276        0.0084406        0.00844673
-0.2    0.2     35      40      0.91282 0.00253636       0.002559
0.2     0.3     35      40      0.757327        0.00773593       0.00784601
0.3     0.8     35      40      0.959213        0.00168233       0.0016908
0.8     1.2     35      40      0.78491 0.00397589       0.00399994
1.2     1.6     35      40      0.934487        0.00252662       0.00259474
1.6     2.1     35      40      0.95122 0.00220254       0.00226496
2.1     2.4     35      40      0.941385        0.00386537       0.00392739
-2.4    -2.1    40      60      0.953821        0.00222611       0.00226713
-2.1    -1.6    40      60      0.947635        -0       -0
-1.6    -1.2    40      60      0.947606        0.00143616       0.00143869
-1.2    -0.8    40      60      0.780574        0.00249679       0.00250217
-0.8    -0.3    40      60      0.960284        0.00097051       0.000987079
-0.3    -0.2    40      60      0.742992        0.00484875       0.00491573
-0.2    0.2     40      60      0.913308        0.00169787       0.00170498
0.2     0.3     40      60      0.756042        0.0047603        0.00480663
0.3     0.8     40      60      0.959425        0.00104917       0.0010519
0.8     1.2     40      60      0.783306        0.00251591       0.00252006
1.2     1.6     40      60      0.939584        0.00157267       0.00159309
1.6     2.1     40      60      0.949735        8.4085e-05       8.4085e-05
2.1     2.4     40      60      0.946985        0.000108534      0.000108534
-2.4    -2.1    60      100     0.954203        0.00677271       0.0072395
-2.1    -1.6    60      100     0.950896        0.00396763       0.00421806
-1.6    -1.2    60      100     0.952619        0.00451624       0.00476785
-1.2    -0.8    60      100     0.778372        0.00752957       0.00785195
-0.8    -0.3    60      100     0.952544        0.0099807        0.0099807
-0.3    -0.2    60      100     0.690488        0.0160907        0.016383
-0.2    0.2     60      100     0.915392        0.00475012       0.00487001
0.2     0.3     60      100     0.744411        0.0156088        0.0159145
0.3     0.8     60      100     0.955632        0.00536176       0.00536176
0.8     1.2     60      100     0.766824        0.0082498        0.00832042
1.2     1.6     60      100     0.941781        0.0047567        0.00497872
1.6     2.1     60      100     0.935351        0.00489192       0.00509517
2.1     2.4     60      100     0.938545        0.0085848        0.00901982
-2.4    -2.1    100     200     0.915818        0.0276493        0.033111
-2.1    -1.6    100     200     0.895497        0.0178763        0.0178604
-1.6    -1.2    100     200     0.920846        0.0151512        0.0166976
-1.2    -0.8    100     200     0.767927        0.0200589        0.0213564
-0.8    -0.3    100     200     0.961662        0.00738673       0.00840066
-0.3    -0.2    100     200     0.73893 0.0443653        0.0457752
-0.2    0.2     100     200     0.902651        0.0133902        0.0146156
0.2     0.3     100     200     0.723964        0.0385294        0.0409131
0.3     0.8     100     200     0.955292        0.0137921        0.0176386
0.8     1.2     100     200     0.750662        0.0236684        0.0245041
1.2     1.6     100     200     0.882677        0.0159451        0.0174482
1.6     2.1     100     200     0.918666        0.0167993        0.0175528
2.1     2.4     100     200     0.919701        0.0277311        0.0345278