[AllPtc]
{8 1 eta 1 3 0 100 ([p0]*x+[p1]*x*x+[p2]*x*x*x)}
X0 -5 5 3 -6.00448286175 0.312763293739 -0.00342676036351
Y0 -5 5 3 6.11151504032 -0.311425411957 0.00343157823682
X1 -5 5 3 -0.220279288783 0.017451450912 -0.000254851754595
Y1 -5 5 3 1.22781009334 -0.0906817782076 0.000855665679011
X2 -5 5 3 -0.357917730672 0.032927644236 -0.000422902786204
Y2 -5 5 3 0.188333935551 -0.020876370741 0.000192140359701
X3 -5 5 3 0.0353206511078 -0.00318810856404 7.14483324146e-05
Y3 -5 5 3 0.0569006019989 -0.00609921508263 9.42091060063e-05
X4 -5 5 3 0.094479647303 -0.00188542824245 1.89086525975e-05
Y4 -5 5 3 0.11391351276 -0.00816036428981 8.79657854342e-05
X5 -5 5 3 0.0183123421919 0.00117903660229 -3.52624085435e-06
Y5 -5 5 3 -0.0425733752925 0.00248598870166 -2.41249864551e-05
X6 -5 5 3 0.0257738201795 0.00144567112762 -1.30221148339e-05
Y6 -5 5 3 0.041136835967 -0.00190841833029 2.88895266303e-05
X7 -5 5 3 0.00148127904616 0.00300237008796 -2.46053553421e-05
Y7 -5 5 3 0.000378763528027 0.000856702369166 -1.10938358568e-05
X8 -5 5 3 0.0138978366211 0.00273383428028 -2.58880028541e-05
Y8 -5 5 3 0.00750822752955 0.00127521897777 -1.137796187e-05
X9 -5 5 3 0.00106196488702 0.00376246175435 -3.88279250671e-05
Y9 -5 5 3 0.0157650033873 0.000254121223503 1.12036268718e-06
X10 -5 5 3 -0.0020655329383 0.00365620779346 -3.58359884528e-05
Y10 -5 5 3 0.00647897768024 0.00148266668307 -1.33969617354e-05
X11 -5 5 3 0.0225021752859 0.00262886372175 -2.37139364984e-05
Y11 -5 5 3 0.00435678954134 0.00143175952838 -1.05402430328e-05
X12 -5 5 3 -0.00820812653625 0.00466968224593 -4.47845898917e-05
Y12 -5 5 3 0.000744535187865 0.00169419634565 -1.17916743417e-05
X13 -5 5 3 0.000914517424271 0.00391092419351 -3.37443163166e-05
Y13 -5 5 3 -0.00474333475221 0.0023247752274 -2.09760902689e-05
X14 -5 5 3 0.00131813527328 0.00406302401271 -3.63308327516e-05
Y14 -5 5 3 -0.00108885725942 0.0021766039258 -1.60174409862e-05
X15 -5 5 3 -0.00740629965509 0.00418394640776 -3.5065040302e-05
Y15 -5 5 3 -0.00584917791993 0.00264787194521 -2.3404616771e-05
X16 -5 5 3 0.0039147013926 0.00361701724378 -2.97043626797e-05
Y16 -5 5 3 0.000758377230262 0.00249887935773 -1.94534531609e-05
X17 -5 5 3 -0.00533929870471 0.00397917592025 -2.91233504673e-05
Y17 -5 5 3 -0.0120565279115 0.0030280386655 -2.45435268688e-05
X18 -5 5 3 -0.0140220167704 0.00422846438138 -3.04428692678e-05
Y18 -5 5 3 -0.00162172329092 0.00249063955259 -1.63745637294e-05
X19 -5 5 3 -0.0181774579112 0.00469760944122 -3.72929555516e-05
Y19 -5 5 3 0.0159612360601 0.00177049106693 -1.03256486719e-05
X20 -5 5 3 0.00511955079451 0.00336017764481 -2.28253671456e-05
Y20 -5 5 3 0.0114741184957 0.00200017737834 -1.15402945099e-05
X21 -5 5 3 0.00307411024449 0.00353124628377 -2.3914263889e-05
Y21 -5 5 3 -0.00532158139062 0.0027759376918 -1.91368325536e-05
X22 -5 5 3 0.0107905768977 0.00246621138788 -8.36822465082e-06
Y22 -5 5 3 0.00066821215058 0.00264202635291 -1.8703610822e-05
X23 -5 5 3 -0.0119580148567 0.00378296888094 -2.20609503536e-05
Y23 -5 5 3 -0.00255491169961 0.00226934048504 -1.3124724907e-05
X24 -5 5 3 -0.017052441626 0.00393152166747 -2.32657906698e-05
Y24 -5 5 3 -0.0114465134777 0.00288934293628 -1.96697189411e-05
X25 -5 5 3 -0.00772752165992 0.00331288230986 -1.87222900606e-05
Y25 -5 5 3 0.0020419436999 0.00193154402843 -1.15349486863e-05
X26 -5 5 3 0.00493723822115 0.00273990000525 -1.23866614462e-05
Y26 -5 5 3 -0.011820568661 0.00253359549217 -1.45470305018e-05
X27 -5 5 3 -0.0154372494282 0.00368369655412 -2.24661378902e-05
Y27 -5 5 3 0.000292730637009 0.00161416832566 -7.64804896252e-06
X28 -5 5 3 -0.00325202265234 0.00273489927632 -1.09637686815e-05
Y28 -5 5 3 -0.0182085098755 0.00270923113778 -1.97199702538e-05
X29 -5 5 3 -0.0310600608511 0.00362955465916 -1.95474081873e-05
Y29 -5 5 3 0.014052090799 0.00115569996544 -7.13741214233e-06
X30 -5 5 3 -0.0133204846568 0.00299715080053 -1.17486291349e-05
Y30 -5 5 3 -0.00275792918179 0.00114675745839 -3.63759290513e-06
X31 -5 5 3 -0.0465692091923 0.00496280446466 -3.60571414565e-05
Y31 -5 5 3 -0.00884145115999 0.00177667026755 -1.36434622031e-05
X32 -5 5 3 -0.0226503980527 0.00388145961241 -2.36150069447e-05
Y32 -5 5 3 -0.0225792010455 0.00152827126984 -5.89564629771e-06
X33 -5 5 3 -0.00513812174867 0.00257479313631 -1.07820229931e-05
Y33 -5 5 3 0.0391453860525 -0.00117579906529 1.48502862527e-05
X34 -5 5 3 -0.0271152604992 0.00425488435183 -2.95099943542e-05
Y34 -5 5 3 0.0177995248614 0.000489125823225 -3.89547034899e-06
X35 -5 5 3 -0.00787784886438 0.00210722567365 -8.46240036894e-06
Y35 -5 5 3 -0.00413723606885 0.00011115305316 -7.23834328409e-06
