[AllPtc]
{8 1 eta 1 3 0 100 ([p0]*x+[p1]*x*x+[p2]*x*x*x)}
X0 -5 5 3 -0.327618663111 0.0255791845469 -0.00030037480964
Y0 -5 5 3 0.0924186385362 -0.043040382084 0.000453320172963
X1 -5 5 3 0.382294411194 -0.03013946716 0.000197201372662
Y1 -5 5 3 -0.0818838645687 0.0231610314846 -0.000330066237814
X2 -5 5 3 -0.191379739962 0.0205548391557 -0.000377764233621
Y2 -5 5 3 0.0464370615502 -0.00153611254129 9.98040637273e-05
X3 -5 5 3 -0.0278680796014 0.0108414960331 -0.000137733444734
Y3 -5 5 3 0.19979905288 -0.00978191954681 0.000132696771738
X4 -5 5 3 0.0893688628381 0.00088768637618 -3.39574144139e-05
Y4 -5 5 3 0.0152095388244 0.000106459221487 -5.17784853642e-06
X5 -5 5 3 0.00558632968726 0.0021058965858 -2.46214889603e-05
Y5 -5 5 3 0.0456672768449 -0.00182133681614 3.05537248146e-05
X6 -5 5 3 0.00876581094204 0.00358573372132 -4.70911936279e-05
Y6 -5 5 3 -0.00391700044573 0.0011818464179 -9.73020258252e-06
X7 -5 5 3 0.0181756779485 0.00212926569651 -2.0600968676e-05
Y7 -5 5 3 0.00810284706861 0.000683851874626 -9.48522403359e-06
X8 -5 5 3 0.0130871957 0.00305467124054 -3.35433957996e-05
Y8 -5 5 3 0.000551117826998 0.00162499870555 -1.70121812483e-05
X9 -5 5 3 -0.00451675749356 0.00407666010767 -4.22252392404e-05
Y9 -5 5 3 0.0103997940212 0.000859706023889 -8.12662667319e-06
X10 -5 5 3 0.00145496366003 0.00362888433255 -3.45481565959e-05
Y10 -5 5 3 0.0176497095907 0.00056815275922 -4.9571303262e-06
X11 -5 5 3 0.00732240494998 0.0033958623873 -3.36314508404e-05
Y11 -5 5 3 -0.00203423579968 0.00185071362274 -1.80077605232e-05
X12 -5 5 3 0.00717234732805 0.00366051396553 -3.56525878819e-05
Y12 -5 5 3 -0.0130735359703 0.00197770097242 -1.63720818779e-05
X13 -5 5 3 0.0136337211701 0.00366002889489 -3.37211093546e-05
Y13 -5 5 3 -0.00764609490049 0.00207449606394 -1.80237742336e-05
X14 -5 5 3 0.0115509587486 0.0036189333714 -3.22937078883e-05
Y14 -5 5 3 -0.00688437161967 0.00206746640367 -1.86044363514e-05
X15 -5 5 3 -0.00319546512443 0.0044933595021 -4.14969989984e-05
Y15 -5 5 3 -0.000537162505598 0.00194568633949 -1.76519184682e-05
X16 -5 5 3 0.00519328316931 0.00402266737311 -3.47672115766e-05
Y16 -5 5 3 0.0100648346112 0.00134419727251 -1.18603766282e-05
X17 -5 5 3 -0.00793954767952 0.00467738318774 -4.04906470677e-05
Y17 -5 5 3 -0.0162233607866 0.0024700610079 -1.99087818665e-05
X18 -5 5 3 -0.00163458674389 0.00410421945181 -3.14658124263e-05
Y18 -5 5 3 0.00366916115006 0.00155190525343 -1.21127601136e-05
X19 -5 5 3 -0.0148986195819 0.00498030904298 -4.17225962185e-05
Y19 -5 5 3 0.000431164852608 0.00163391745072 -1.18345204464e-05
X20 -5 5 3 -0.00666405767401 0.00453094286347 -3.48635510267e-05
Y20 -5 5 3 0.000910305052592 0.00177304641715 -1.36551666333e-05
X21 -5 5 3 -0.00178846635604 0.00428513442386 -3.04420018728e-05
Y21 -5 5 3 -0.00275004482456 0.00184058008894 -1.22923405529e-05
X22 -5 5 3 -0.0190288779947 0.00524350507175 -4.11871960998e-05
Y22 -5 5 3 9.68328511662e-05 0.00181797189167 -1.30346478885e-05
X23 -5 5 3 0.00392770788696 0.00405337393727 -2.75517738217e-05
Y23 -5 5 3 0.00941575469865 0.00152348242889 -1.03699937234e-05
X24 -5 5 3 -0.00435232947022 0.00458041828187 -3.28704425039e-05
Y24 -5 5 3 0.00151397812122 0.00185823859289 -1.25268102811e-05
X25 -5 5 3 0.00538987717942 0.00399329786374 -2.61479568384e-05
Y25 -5 5 3 -0.00199403504205 0.00177799920704 -1.0205722752e-05
X26 -5 5 3 0.0156242312768 0.00341019376342 -1.87481822531e-05
Y26 -5 5 3 -0.00228897946241 0.00218035478328 -1.78872521715e-05
X27 -5 5 3 -0.021619457642 0.00532326726815 -3.86393148024e-05
Y27 -5 5 3 0.00149612840367 0.00164053274528 -1.15932967183e-05
X28 -5 5 3 -0.0239630305831 0.00556235574777 -4.03738365952e-05
Y28 -5 5 3 0.00127863343288 0.00134911627195 -6.9822118828e-06
X29 -5 5 3 -0.00344146629204 0.00418854813091 -2.40679504675e-05
Y29 -5 5 3 0.00687350475727 0.000916952092131 -1.31756357989e-06
X30 -5 5 3 -0.0214527861471 0.00503776213571 -3.09134021515e-05
Y30 -5 5 3 0.00972111584359 0.0010337894427 -4.40430029056e-06
X31 -5 5 3 -0.0297261585171 0.00505148859061 -2.89946644469e-05
Y31 -5 5 3 0.0127727910522 0.000841353403132 -3.77885670491e-06
X32 -5 5 3 -0.0129315683265 0.00467675288924 -2.48197249585e-05
Y32 -5 5 3 -0.00465186310452 0.00175018964583 -1.23615977452e-05
X33 -5 5 3 -0.0102981831193 0.00471673077737 -2.60470372143e-05
Y33 -5 5 3 0.0315522660711 0.0002373683664 -1.79779633548e-07
X34 -5 5 3 0.0121461508541 0.00354059580736 -1.58402623243e-05
Y34 -5 5 3 -0.031981905963 0.00230799298453 -1.43829911987e-05
X35 -5 5 3 -0.0189466212178 0.00437422102557 -2.1151442309e-05
Y35 -5 5 3 -0.0259976804339 0.00157560724768 -9.86072102867e-06
