[AllPtc]
{8 1 eta 1 3 0 100 ([p0]*x+[p1]*x*x+[p2]*x*x*x)}
X0 -5 5 3 0.100156712912 -0.00379485195226 7.99349936855e-05
Y0 -5 5 3 -0.0758608109601 0.00127697968466 -2.48314624331e-05
X1 -5 5 3 -0.156985094183 0.00867936366376 0.000438032462733
Y1 -5 5 3 0.177733132156 -0.0488420430205 0.00176350921107
X2 -5 5 3 -0.160490194178 0.0187991740006 -0.000223849458909
Y2 -5 5 3 -0.323107721612 0.0230642828856 -0.000154752526626
X3 -5 5 3 0.0628803042093 0.00153507533012 -0.000199625828649
Y3 -5 5 3 0.0225356298084 -0.00404082379841 0.000272080945674
X4 -5 5 3 -0.0394160602728 0.00225054038255 -1.81475140706e-07
Y4 -5 5 3 0.0615909439375 -0.00205399354258 1.34909179346e-05
X5 -5 5 3 0.0695405783909 -0.00189746784593 1.36998280229e-05
Y5 -5 5 3 -0.102987895284 0.00897755223263 -0.000129636018416
X6 -5 5 3 -0.0194795456134 0.00382028394169 -2.8265116683e-05
Y6 -5 5 3 -0.0174529111165 0.0013436416802 1.55529434351e-06
X7 -5 5 3 0.0687318814378 0.000111539909796 -8.58466538317e-06
Y7 -5 5 3 -0.00803242262646 0.00218236981151 -2.26338389329e-05
X8 -5 5 3 -0.0120332240625 0.00413435608817 -4.49992512918e-05
Y8 -5 5 3 0.00539832541793 0.000749365361384 -5.34274794162e-06
X9 -5 5 3 0.0158148424381 0.00286425714097 -3.05243197688e-05
Y9 -5 5 3 0.0136708864387 0.00104568029487 -1.18085794256e-05
X10 -5 5 3 0.0126447800996 0.00278462208666 -3.03698005359e-05
Y10 -5 5 3 -0.0162428550961 0.00267428415908 -2.53718726178e-05
X11 -5 5 3 0.00120619508283 0.00334573277915 -3.40026950923e-05
Y11 -5 5 3 -0.0103013917808 0.00253348011896 -2.47145681521e-05
X12 -5 5 3 -0.00241175210689 0.00342657549207 -3.03215060332e-05
Y12 -5 5 3 -0.00395323910146 0.0024887522621 -2.32668310419e-05
X13 -5 5 3 -0.00954941145279 0.00371558199889 -3.37867318873e-05
Y13 -5 5 3 -0.00115400175862 0.0024515815587 -2.27934153487e-05
X14 -5 5 3 0.00171858799711 0.00307827126608 -2.38054214893e-05
Y14 -5 5 3 0.0161707836767 0.00184829213203 -1.61593165683e-05
X15 -5 5 3 -0.000630203843351 0.00360058685083 -3.16416681641e-05
Y15 -5 5 3 -0.00345357598449 0.00239860090493 -1.67770344324e-05
X16 -5 5 3 -0.00398045251769 0.00352787003375 -2.98844388889e-05
Y16 -5 5 3 0.0042959907822 0.00204115207223 -1.3686149403e-05
X17 -5 5 3 -0.00419105229704 0.00374233717755 -3.10508850485e-05
Y17 -5 5 3 -0.00160230191342 0.00239411731775 -1.56136592768e-05
X18 -5 5 3 -0.000614341086873 0.00339871363496 -2.68186419351e-05
Y18 -5 5 3 0.00974009218723 0.00217540784163 -1.67299202728e-05
X19 -5 5 3 -0.00928122310424 0.00375882733958 -2.79724349709e-05
Y19 -5 5 3 0.00866280359704 0.00174828771746 -6.89080148031e-06
X20 -5 5 3 -0.00114678530282 0.00325300548192 -2.22051174353e-05
Y20 -5 5 3 0.000900476657363 0.0026966327735 -1.89840817775e-05
X21 -5 5 3 -0.0105986511415 0.00388081688913 -2.89199276991e-05
Y21 -5 5 3 -0.00367450734562 0.00230691317382 -1.19872505021e-05
X22 -5 5 3 -0.00764708357574 0.00334970627539 -2.09860108396e-05
Y22 -5 5 3 0.00491493543679 0.00197321052688 -1.00921778851e-05
X23 -5 5 3 -0.00707461552267 0.00313882255609 -1.87262433024e-05
Y23 -5 5 3 -0.00308782839281 0.00250337200082 -1.83609754819e-05
X24 -5 5 3 -0.0142140335817 0.00412824829145 -3.1259540474e-05
Y24 -5 5 3 0.00244272017248 0.00162509280582 -5.44453149619e-06
X25 -5 5 3 -0.0158096883859 0.00355632013764 -2.15104085626e-05
Y25 -5 5 3 0.0142386028056 0.00130241793004 -4.62304541617e-06
X26 -5 5 3 -0.00412881502177 0.00255650860141 -9.58246519073e-06
Y26 -5 5 3 -0.00872495026382 0.00247083143845 -1.75172074765e-05
X27 -5 5 3 0.00776770989109 0.00256326319692 -1.53317013753e-05
Y27 -5 5 3 -0.0136828400731 0.00255762691433 -1.50423042713e-05
X28 -5 5 3 -0.011841084788 0.00335653944012 -2.23289878342e-05
Y28 -5 5 3 -0.0509128041217 0.00401687329772 -3.20011339527e-05
X29 -5 5 3 -0.0231050263706 0.00405147205035 -2.75131880243e-05
Y29 -5 5 3 0.00374311374532 0.00158471855087 -1.16183358759e-05
X30 -5 5 3 0.0258931230106 0.0011279637176 2.12042289993e-06
Y30 -5 5 3 0.0207582410979 0.000302406778377 3.74194528053e-06
X31 -5 5 3 0.0148446024989 0.00135071501504 3.60978126363e-06
Y31 -5 5 3 -0.0210348990342 0.00250457145596 -2.23033274616e-05
X32 -5 5 3 0.021954054846 0.00155576735614 -4.85822935956e-06
Y32 -5 5 3 0.0111538118028 0.00111035774689 -1.27256787524e-05
X33 -5 5 3 -0.0127322027484 0.00263893973823 -1.09483969933e-05
Y33 -5 5 3 -0.0131576381866 0.00147780311921 -7.97064506719e-06
X34 -5 5 3 -0.0244079985668 0.00266988964008 -1.00912070233e-05
Y34 -5 5 3 -0.0240947930527 0.000652155986252 4.11534429529e-06
X35 -5 5 3 -0.00728873578765 0.00221139852882 -8.11480799038e-06
Y35 -5 5 3 -0.0268415037866 0.00142507422835 -1.67115306931e-05
