[AllPtc]
{8 1 eta 1 3 0 100 ([p0]*x+[p1]*x*x+[p2]*x*x*x)}
X0 -5 5 3 -0.0832402312111 -0.0079276410696 -0.000755013435202
Y0 -5 5 3 0.250756408732 0.0238815627464 0.00227443454727
X1 -5 5 3 -0.0830599153601 0.00640319930171 -0.000119199088091
Y1 -5 5 3 -0.00706433832503 0.00170895350618 -9.28309579269e-05
X2 -5 5 3 0.0582208886069 -0.0090105932346 0.000158612189803
Y2 -5 5 3 0.00387274841045 0.000552933006557 -9.07901239655e-06
X3 -5 5 3 -0.0161477336673 -0.00232260578197 2.45200034874e-05
Y3 -5 5 3 -0.0273431988144 0.00336936417277 -5.37366181773e-05
X4 -5 5 3 -0.0250092100769 -0.00182203628214 2.14707874474e-05
Y4 -5 5 3 0.00435887845247 0.000122667865219 -1.56187820443e-06
X5 -5 5 3 -0.0186288654334 -0.00318640860394 3.91952781053e-05
Y5 -5 5 3 0.00666935261351 -0.000123737724568 2.99930907379e-06
X6 -5 5 3 -0.0213627955513 -0.00280855273793 3.08008598747e-05
Y6 -5 5 3 0.00606759466138 0.000171108975438 -3.49911154094e-06
X7 -5 5 3 -0.0222322554505 -0.00280632196233 2.68879602634e-05
Y7 -5 5 3 0.00542850599777 0.000243307835527 -1.34580586009e-06
X8 -5 5 3 -0.0166466291714 -0.00316563336877 2.9282453841e-05
Y8 -5 5 3 0.00228263616273 0.000399165902269 -2.82307005478e-06
X9 -5 5 3 -0.0137066102695 -0.00342044370016 3.00574462809e-05
Y9 -5 5 3 0.00229018217851 0.000303261772085 -1.4488883864e-06
X10 -5 5 3 -0.012273267455 -0.00364086614534 3.10562978736e-05
Y10 -5 5 3 -0.00138751744006 0.000501184027421 -3.94136267076e-06
X11 -5 5 3 -0.00921375601302 -0.00403486750915 3.46608857514e-05
Y11 -5 5 3 0.00129774257615 0.000406029071585 -2.80347954273e-06
X12 -5 5 3 -0.00791384628503 -0.00409389346848 3.2135078493e-05
Y12 -5 5 3 0.0012290575043 0.000431661617409 -2.66199731713e-06
X13 -5 5 3 -0.00495182401365 -0.00437158005497 3.50590267546e-05
Y13 -5 5 3 -0.000609609680899 0.000437653458766 -2.67643363015e-06
X14 -5 5 3 -0.00428695416462 -0.0043031158376 3.18866119078e-05
Y14 -5 5 3 -0.00224899709822 0.000502079711736 -3.92626040288e-06
X15 -5 5 3 -0.00356995318872 -0.00442346296683 3.16806726163e-05
Y15 -5 5 3 -0.00229577043778 0.000506794276885 -3.70942928537e-06
X16 -5 5 3 -0.00165938830557 -0.00452088160592 3.09109535409e-05
Y16 -5 5 3 -0.00118310664985 0.000419118653231 -3.35660682995e-06
X17 -5 5 3 -0.00295080237114 -0.00444993717052 2.88863359219e-05
Y17 -5 5 3 -0.000996900804358 0.000344045257354 -1.77918925951e-06
X18 -5 5 3 0.00198226393343 -0.00476949975066 3.13221674756e-05
Y18 -5 5 3 -0.0026957968099 0.00051803758566 -4.30868122122e-06
X19 -5 5 3 -0.00322120030106 -0.00450766834071 2.72553351994e-05
Y19 -5 5 3 0.0019258614668 0.000191747329863 -1.44345532399e-06
X20 -5 5 3 -0.00109946879853 -0.00453720973053 2.62849176704e-05
Y20 -5 5 3 -0.00249526571339 0.000388226017091 -3.28082084037e-06
X21 -5 5 3 0.000536191878885 -0.0046296291841 2.59879650685e-05
Y21 -5 5 3 0.00173600143105 0.000176973937918 -1.24622819122e-06
X22 -5 5 3 0.000100025695208 -0.00459059979034 2.44989001376e-05
Y22 -5 5 3 -0.00339162499995 0.000341561890647 -2.73311223462e-06
X23 -5 5 3 0.00279112574887 -0.00467022692282 2.38268915767e-05
Y23 -5 5 3 -0.00511220239258 0.00043080972115 -4.25125714783e-06
X24 -5 5 3 -0.000367679270109 -0.00448852840046 2.11187996108e-05
Y24 -5 5 3 -0.00378192916689 0.00031459721847 -3.38922019593e-06
X25 -5 5 3 0.000261428080949 -0.00447597260656 2.03767535152e-05
Y25 -5 5 3 0.000784014119127 5.54606253741e-05 -1.32514642347e-06
X26 -5 5 3 0.00445711143759 -0.00475795742041 2.27299169072e-05
Y26 -5 5 3 -0.00957020596467 0.00047266220749 -5.48854577004e-06
X27 -5 5 3 0.00234879746116 -0.00444045464944 1.77116591872e-05
Y27 -5 5 3 -0.00282617275686 9.13079277808e-05 -2.77334446291e-06
X28 -5 5 3 -0.00140179408981 -0.00431296995241 1.59956916915e-05
Y28 -5 5 3 -0.00681568560632 0.000252732174469 -3.7829295762e-06
X29 -5 5 3 0.00371884409145 -0.00457700165408 1.83887292099e-05
Y29 -5 5 3 0.00389183409734 -0.000418105422341 2.70248522527e-06
X30 -5 5 3 0.00736340625252 -0.00458690532565 1.82920726696e-05
Y30 -5 5 3 -0.00339867963947 -7.30818443074e-05 -2.09067513859e-06
X31 -5 5 3 0.00205576731567 -0.00439059934556 1.53458165665e-05
Y31 -5 5 3 0.000336617223525 -0.000317779644187 8.92817572582e-07
X32 -5 5 3 0.00411849037993 -0.00445883552731 1.57358611221e-05
Y32 -5 5 3 -0.00296237858049 -0.000155559991879 -2.14619108224e-06
X33 -5 5 3 0.0010492130958 -0.00425248503865 1.32475987922e-05
Y33 -5 5 3 -0.00907470777881 -8.32428730677e-06 -4.26165702883e-06
X34 -5 5 3 -0.00966467955472 -0.00376055307033 8.65903911435e-06
Y34 -5 5 3 -0.00326068229025 -0.000312209910217 -1.33159132862e-06
X35 -5 5 3 0.00485420931966 -0.00443939927723 1.41084377637e-05
Y35 -5 5 3 -0.000348519745397 -0.000812243998035 2.77979261502e-07
