[AllPtc]
{8 1 eta 1 3 0 100 ([p0]*x+[p1]*x*x+[p2]*x*x*x)}
X0 -5 5 3 -0.613421259218 -0.00611065336875 0.000338444952728
Y0 -5 5 3 1.92055005668 -0.00910373150452 -0.000771364581577
X1 -5 5 3 0.452346273971 -0.017686348243 0.000246489423177
Y1 -5 5 3 0.663659833964 -0.0860009940325 0.000937729517647
X2 -5 5 3 -0.217534544409 0.0274226662609 -0.000317409990309
Y2 -5 5 3 0.69102074858 -0.0371167901766 0.000404005324946
X3 -5 5 3 0.220550445376 -0.0154915985552 0.000209873389569
Y3 -5 5 3 0.306581950376 -0.0279892056985 0.000417730878906
X4 -5 5 3 -0.0417173884358 0.00274160658658 -1.33689974199e-05
Y4 -5 5 3 -0.0249613703256 0.0037713706285 -4.98712547193e-05
X5 -5 5 3 0.00352041897924 0.00244294754543 -3.48311552626e-05
Y5 -5 5 3 0.0379910263056 -0.00166543555889 1.8206080754e-05
X6 -5 5 3 -0.0176076281253 0.00313744205312 -3.73885998986e-05
Y6 -5 5 3 0.00027448733564 0.00159619943041 -1.94628242218e-05
X7 -5 5 3 0.00179720075196 0.00251230910836 -1.57661375301e-05
Y7 -5 5 3 -0.0122263966244 0.00129029620029 -1.14799431376e-05
X8 -5 5 3 0.0182180707063 0.00194963006607 -1.77828567191e-05
Y8 -5 5 3 -0.00379219286791 0.00162553123275 -1.68635014635e-05
X9 -5 5 3 0.0163569093303 0.00260467507218 -2.51612466438e-05
Y9 -5 5 3 0.0109727821284 0.000471339042529 -1.11278165115e-06
X10 -5 5 3 -0.00966004237608 0.00370918901608 -3.74078151406e-05
Y10 -5 5 3 0.0173419310993 0.000365275712056 -8.35611349623e-07
X11 -5 5 3 -0.00475227015299 0.00345294035667 -3.32751860038e-05
Y11 -5 5 3 -0.0348849243715 0.00372353726072 -3.76681113059e-05
X12 -5 5 3 -0.00818763399859 0.00327836668397 -2.67746121642e-05
Y12 -5 5 3 0.00551668886003 0.00147253958843 -1.09622899259e-05
X13 -5 5 3 -0.003285161144 0.00342114320249 -3.2136626415e-05
Y13 -5 5 3 0.00524792223363 0.00190754769215 -1.68969816044e-05
X14 -5 5 3 -0.00393836101132 0.00332207544368 -3.05643590763e-05
Y14 -5 5 3 0.0111280842136 0.00165553614058 -1.22572977186e-05
X15 -5 5 3 -2.42854184983e-05 0.00308867552205 -2.8799762265e-05
Y15 -5 5 3 0.00779499928932 0.00192928792391 -1.56133534152e-05
X16 -5 5 3 -0.00919369340278 0.00320388668008 -2.53790619326e-05
Y16 -5 5 3 -0.00782949756734 0.00274367009629 -2.54966599881e-05
X17 -5 5 3 -0.0176140403477 0.00399481231082 -3.53006656537e-05
Y17 -5 5 3 -0.00149414251232 0.00228778023606 -1.74608743787e-05
X18 -5 5 3 -0.00605095684786 0.00332923493396 -2.53543969093e-05
Y18 -5 5 3 0.00453313196296 0.00208683088443 -1.39096538076e-05
X19 -5 5 3 -0.00285717604648 0.00319655624063 -2.38751985349e-05
Y19 -5 5 3 0.010542179393 0.00185847430211 -1.3706260131e-05
X20 -5 5 3 -0.0115847491623 0.00361583513906 -2.87706124091e-05
Y20 -5 5 3 -0.00087434117779 0.00253180893884 -1.94957163426e-05
X21 -5 5 3 -0.0299706745532 0.00443167715958 -3.6174979498e-05
Y21 -5 5 3 -0.0149419608678 0.00293093644539 -2.18088777254e-05
X22 -5 5 3 -0.0241628743001 0.00392481516987 -2.99058042982e-05
Y22 -5 5 3 -0.00191326794059 0.00224768823963 -1.5145013323e-05
X23 -5 5 3 0.0015422628403 0.00248706000352 -1.0972632342e-05
Y23 -5 5 3 -0.000303888509672 0.00214826338275 -1.52980603442e-05
X24 -5 5 3 -0.000950272658718 0.00256563958464 -1.18901884128e-05
Y24 -5 5 3 -0.0373140222847 0.00361415243776 -2.91259844607e-05
X25 -5 5 3 -0.0126065979559 0.00361070927973 -2.61948451962e-05
Y25 -5 5 3 0.00203169118298 0.00141577777856 -4.42672378235e-06
X26 -5 5 3 -0.0350347691051 0.00427239289984 -3.05860868998e-05
Y26 -5 5 3 -0.0197008164726 0.00291594593746 -2.91885243551e-05
X27 -5 5 3 -0.00602027717306 0.00250082524717 -1.16036514721e-05
Y27 -5 5 3 0.000465113669534 0.00111244593277 -1.50384189584e-06
X28 -5 5 3 -0.0226143749524 0.00307440917746 -1.60015114221e-05
Y28 -5 5 3 0.00296341425384 0.00166313414358 -1.35744435129e-05
X29 -5 5 3 -0.0313474568644 0.00357470164148 -2.33098771063e-05
Y29 -5 5 3 -0.0102670096524 0.00113666593637 -5.57709354228e-06
X30 -5 5 3 0.0244651394412 0.00131571600048 -2.66790405046e-06
Y30 -5 5 3 0.071319080843 -0.00225383560851 2.28799396651e-05
X31 -5 5 3 -0.0380556922251 0.00319947721681 -1.73401370714e-05
Y31 -5 5 3 -0.0351121221205 0.00215795365322 -1.56731778625e-05
X32 -5 5 3 -0.0148898954172 0.00322996977273 -2.08343811996e-05
Y32 -5 5 3 0.0592580733384 -0.00186699641186 1.76503772593e-05
X33 -5 5 3 -0.0360224077487 0.00394077788902 -2.68001111186e-05
Y33 -5 5 3 -0.0147220469798 0.000230550316873 -7.82242192103e-07
X34 -5 5 3 -0.0880518767852 0.00499223106281 -2.75236822489e-05
Y34 -5 5 3 -0.00234050405343 -0.00208102600518 3.47861136986e-05
X35 -5 5 3 0.0573696195024 -0.00110554348078 2.25375398846e-05
Y35 -5 5 3 0.00546667861045 0.000491723693228 -1.63645844784e-05
