[AllPtc]
{8 1 eta 1 3 0 100 ([p0]*x+[p1]*x*x+[p2]*x*x*x)}
X0 -5 5 3 0.40406623147 -0.0183542327036 0.000286242214877
Y0 -5 5 3 1.89795336884 -0.133514846365 0.00154210596554
X1 -5 5 3 -1.56056219028 0.152914177226 -0.0020496244381
Y1 -5 5 3 0.202337201983 -0.0108687470486 0.000167692655085
X2 -5 5 3 0.310610226859 -0.0230976005183 0.000223042065571
Y2 -5 5 3 -0.144717975239 0.0176179894104 -0.000185680810717
X3 -5 5 3 -0.690211775713 0.0580981990101 -0.000625997582914
Y3 -5 5 3 0.0223845868526 -0.0043768619862 0.00010810543331
X4 -5 5 3 0.0445731340998 0.00217242420996 -3.02964766881e-05
Y4 -5 5 3 -0.0686843120509 0.00859668808562 -0.000135104313469
X5 -5 5 3 0.0426063987374 0.00105170990513 -1.56223853184e-05
Y5 -5 5 3 -0.0176717994347 0.00172574323235 -1.529926867e-05
X6 -5 5 3 0.0321291834138 0.0018434426639 -1.83908966445e-05
Y6 -5 5 3 -0.0247958938522 0.0014733107989 -9.27449066848e-06
X7 -5 5 3 0.0311716809315 0.00284485381669 -2.63799280877e-05
Y7 -5 5 3 0.00154881539141 0.000655067426576 -9.06226442783e-06
X8 -5 5 3 0.00630878288693 0.00410312873596 -4.20774130608e-05
Y8 -5 5 3 0.00727502978147 0.000127577604807 4.06231806845e-07
X9 -5 5 3 0.010695914122 0.00401814498009 -3.82493841929e-05
Y9 -5 5 3 0.00642532758106 0.000418457065547 -3.35016379134e-06
X10 -5 5 3 0.0135900437239 0.0041225273394 -3.83213899796e-05
Y10 -5 5 3 -0.00631063502873 0.000813846708083 -6.95076165706e-06
X11 -5 5 3 0.000351285842197 0.00495947240187 -4.58746894415e-05
Y11 -5 5 3 0.000867145939908 0.000594294728202 -5.07911189915e-06
X12 -5 5 3 0.0016943505288 0.00470344392617 -4.03732100024e-05
Y12 -5 5 3 0.00599394558153 0.00016211237014 2.10698351344e-06
X13 -5 5 3 0.00850012585591 0.0048407915854 -4.32542750907e-05
Y13 -5 5 3 0.00903308420963 0.000254934658815 -5.8925335244e-07
X14 -5 5 3 -0.0122661089197 0.00603012736169 -5.36371192108e-05
Y14 -5 5 3 0.00981888713896 0.000367031080733 -1.31858305657e-06
X15 -5 5 3 -0.00685991609177 0.00556930920476 -4.65205624844e-05
Y15 -5 5 3 0.00171003437272 0.000737764251535 -4.44422307327e-06
X16 -5 5 3 -0.00658096041538 0.00570820145175 -4.73682816064e-05
Y16 -5 5 3 -0.00631863064029 0.00130810798779 -1.22228643654e-05
X17 -5 5 3 -0.0131993692705 0.0061855618925 -5.03141220114e-05
Y17 -5 5 3 -0.00604185356619 0.00116631786846 -8.35913718254e-06
X18 -5 5 3 -0.00965039018114 0.00602988771612 -4.76145900794e-05
Y18 -5 5 3 -0.00818051561356 0.00146654758777 -1.33351685921e-05
X19 -5 5 3 -0.00435961608333 0.0057146040966 -4.2697394146e-05
Y19 -5 5 3 0.00261253105331 0.000740164680929 -4.75607239287e-06
X20 -5 5 3 -0.0113342798854 0.00589302090452 -4.23724004756e-05
Y20 -5 5 3 0.000500890504461 0.000980771279856 -7.42949974427e-06
X21 -5 5 3 -0.00483393016047 0.00548671235295 -3.53955950947e-05
Y21 -5 5 3 1.63193365753e-05 0.00102531397307 -8.93276585736e-06
X22 -5 5 3 -0.0112875477125 0.00587606538163 -3.99993561277e-05
Y22 -5 5 3 0.0042690703512 0.000687063625552 -5.84125066775e-06
X23 -5 5 3 -0.0151000400158 0.00614981048618 -4.11810961067e-05
Y23 -5 5 3 -0.00257037047548 0.000943008620355 -6.06415402159e-06
X24 -5 5 3 -0.00592637259901 0.00586200672141 -3.83929631828e-05
Y24 -5 5 3 -0.00737720084937 0.00123384902221 -1.01042629764e-05
X25 -5 5 3 -0.00892104178448 0.00576737900131 -3.53566767483e-05
Y25 -5 5 3 -0.00302544172163 0.000480771874102 3.14635665039e-08
X26 -5 5 3 -0.0185990675834 0.00633247664517 -4.02000711645e-05
Y26 -5 5 3 0.00310266591816 0.000483995286981 -2.72725180815e-06
X27 -5 5 3 0.00043220183898 0.00547791383875 -3.14129409336e-05
Y27 -5 5 3 -0.00773823055204 0.00105047191224 -1.17866370366e-05
X28 -5 5 3 -0.0143868836137 0.00567153415607 -3.01220369885e-05
Y28 -5 5 3 -0.0169530207692 0.00136552576415 -1.28792245553e-05
X29 -5 5 3 0.00204731119886 0.00536837720129 -3.0826836713e-05
Y29 -5 5 3 -0.00238637908835 0.000374171844065 -5.38263352085e-07
X30 -5 5 3 -0.026646281445 0.00618295149455 -3.32717157663e-05
Y30 -5 5 3 0.0029287104385 0.000132951792745 -1.39011903296e-06
X31 -5 5 3 -0.0120553368158 0.0051369317098 -2.0164329254e-05
Y31 -5 5 3 0.0260653801688 -0.00101873135384 9.2991359333e-06
X32 -5 5 3 -0.0159367426065 0.00584445009726 -2.95659746136e-05
Y32 -5 5 3 0.0163085607976 -0.000664166451393 5.47285870941e-06
X33 -5 5 3 -0.0155676101352 0.00581462720643 -2.70707484988e-05
Y33 -5 5 3 -0.0351609035424 0.00136595001734 -1.52536464153e-05
X34 -5 5 3 -0.017677774072 0.00617730499175 -3.31857498088e-05
Y34 -5 5 3 0.0417777015977 -0.00279214510034 3.04452197162e-05
X35 -5 5 3 -0.0295871362055 0.00619567796713 -3.03703308023e-05
Y35 -5 5 3 -0.00176130393466 -0.000333914327697 -2.14312844218e-06
