[AllPtc]
{8 1 eta 1 3 0 100 ([p0]*x+[p1]*x*x+[p2]*x*x*x)}
X0 -5 5 3 -1.99347931906 0.139697335413 -0.00176599264287
Y0 -5 5 3 0.00211726149288 -0.0133631235904 0.000185944043824
X1 -5 5 3 -0.0101495832797 0.0121931933594 -0.000315596705314
Y1 -5 5 3 -0.184403861766 0.019360676989 -0.000157355086093
X2 -5 5 3 0.0553380731884 -0.00174965022078 2.72879234619e-05
Y2 -5 5 3 0.0363822220452 -0.00324117221225 8.2953038353e-05
X3 -5 5 3 0.00395337388802 0.00196675068716 -2.72643457126e-05
Y3 -5 5 3 0.0184734582809 0.0022804253819 -3.9674594259e-05
X4 -5 5 3 0.0153031699998 0.00054054474985 5.76698912214e-06
Y4 -5 5 3 -0.0059750528358 0.00135972396531 -1.62434264576e-05
X5 -5 5 3 0.0276254178912 0.000484648204507 -8.55265323869e-06
Y5 -5 5 3 0.0255575201733 -9.07124195416e-05 9.14735076449e-07
X6 -5 5 3 0.0262281090775 0.000446750101063 -7.16651060994e-06
Y6 -5 5 3 0.0104814959647 0.000915214025453 -7.17825059492e-06
X7 -5 5 3 0.0231596809687 0.000484600267127 -4.28715231262e-06
Y7 -5 5 3 0.00442097911629 0.00131979719352 -1.07763888135e-05
X8 -5 5 3 0.0129478702552 0.00159767127231 -1.4571199503e-05
Y8 -5 5 3 -0.00205848440096 0.00208313714414 -2.38733304933e-05
X9 -5 5 3 -0.00446176696806 0.00276116733539 -2.89521232035e-05
Y9 -5 5 3 0.00858242104153 0.00118799426271 -1.16079651335e-05
X10 -5 5 3 0.0110873283437 0.00195686327667 -1.92234162368e-05
Y10 -5 5 3 0.00347927232542 0.00157374626304 -1.489467578e-05
X11 -5 5 3 -0.00137968658092 0.00267386514749 -2.35974901479e-05
Y11 -5 5 3 -0.00126644274375 0.00223686299766 -2.37547707665e-05
X12 -5 5 3 -0.00802402725667 0.0032132570629 -3.0298269559e-05
Y12 -5 5 3 0.00451393118363 0.00174175814121 -1.44234306195e-05
X13 -5 5 3 -0.0112160033806 0.00329398725713 -3.0212677126e-05
Y13 -5 5 3 -0.00194787897702 0.00229346927425 -2.16089393347e-05
X14 -5 5 3 0.00730108651361 0.00233648737674 -1.99893282635e-05
Y14 -5 5 3 -0.00514564945519 0.0022596938481 -1.80091610442e-05
X15 -5 5 3 -0.00614795568079 0.00320649677095 -2.83177039767e-05
Y15 -5 5 3 -0.00540945324335 0.0022418928343 -1.71269740858e-05
X16 -5 5 3 0.00483355426316 0.00243112806008 -1.97222324152e-05
Y16 -5 5 3 -0.00302539607674 0.00226406489601 -1.77051482564e-05
X17 -5 5 3 -0.00842380213693 0.00294339967794 -2.31262853402e-05
Y17 -5 5 3 0.00147146308673 0.00207059153232 -1.4489613006e-05
X18 -5 5 3 -0.00133782823679 0.00276989245242 -1.97284905305e-05
Y18 -5 5 3 -0.00189599538362 0.0024495980323 -1.96592132609e-05
X19 -5 5 3 -0.00164437080436 0.00277726402805 -1.99485599509e-05
Y19 -5 5 3 -0.0157849997503 0.00282419658214 -2.28243714442e-05
X20 -5 5 3 -0.00573811229654 0.00303750426034 -2.41484054509e-05
Y20 -5 5 3 0.00540179417187 0.00192083323668 -1.48632275671e-05
X21 -5 5 3 0.00771523068309 0.00230541070254 -1.66026792792e-05
Y21 -5 5 3 -0.0117865687637 0.0026870460034 -2.13386385477e-05
X22 -5 5 3 -0.00181034728352 0.00281065679805 -2.0075702182e-05
Y22 -5 5 3 -0.000433120899762 0.00191802437464 -1.38969422058e-05
X23 -5 5 3 -0.0173458634635 0.00334026961941 -2.51548786904e-05
Y23 -5 5 3 -0.0114944381493 0.00261838329784 -1.77949112709e-05
X24 -5 5 3 -0.00557425435731 0.00259297263393 -1.65137417832e-05
Y24 -5 5 3 -0.015492309127 0.00227711906234 -1.41040859604e-05
X25 -5 5 3 -0.00834605501499 0.0026322781461 -1.39242233584e-05
Y25 -5 5 3 0.0260446911862 0.000443133078564 1.48562172488e-06
X26 -5 5 3 0.0319108186295 0.000655653713425 6.07788064549e-06
Y26 -5 5 3 4.09125860537e-05 0.00221703398206 -1.95611304763e-05
X27 -5 5 3 -0.00599822564434 0.00184429231826 -5.70914980317e-06
Y27 -5 5 3 -0.0312620892283 0.00288889992787 -2.35838176383e-05
X28 -5 5 3 -0.0128618795643 0.00238948737509 -1.38068642201e-05
Y28 -5 5 3 0.0173780444641 0.000432160017655 6.79233502742e-07
X29 -5 5 3 0.0248072389826 0.00101556647612 -2.21023087425e-06
Y29 -5 5 3 -0.016287903302 0.00163273707383 -1.20495719466e-05
X30 -5 5 3 0.0177624416717 0.000429063006883 6.082154937e-06
Y30 -5 5 3 -0.0327941250809 0.00121183873324 7.34973327316e-07
X31 -5 5 3 0.0668133689522 -0.00202710278803 3.53013719246e-05
Y31 -5 5 3 0.0876766740671 -0.00431640375704 5.14178797041e-05
X32 -5 5 3 0.0105144089224 0.00209821568048 -1.34857859422e-05
Y32 -5 5 3 -0.0159040882244 0.00116506673013 -1.35070160176e-05
X33 -5 5 3 -0.0607692828385 0.00282314784497 -9.34238159704e-06
Y33 -5 5 3 -0.0198587985801 0.00193892625036 -1.97840632531e-05
X34 -5 5 3 0.133433517325 -0.00484530936284 6.17547258312e-05
Y34 -5 5 3 -0.0816910549081 0.0056254095215 -5.28243088384e-05
X35 -5 5 3 0.0767667101774 -0.00242023032291 2.73845829842e-05
Y35 -5 5 3 -0.0179487346564 -0.000963029155128 1.29504549509e-05
