[AllPtc]
{8 1 eta 1 3 0 100 ([p0]*x+[p1]*x*x+[p2]*x*x*x)}
X0 -5 5 3 0.478529369357 0.0841486191977 -0.00234442306372
Y0 -5 5 3 -1.25656780338 0.252531670956 -0.00695972049211
X1 -5 5 3 0.657851524377 -0.108091270228 0.00187477228118
Y1 -5 5 3 0.486415797059 0.0349344431539 -0.00140490126307
X2 -5 5 3 0.0855893525493 0.005491510231 -0.000147620851639
Y2 -5 5 3 0.00621721709174 0.00638780544819 -0.000186639299265
X3 -5 5 3 0.193447211458 -0.0107720904683 0.00012259276978
Y3 -5 5 3 0.0171899586673 0.00048849882233 2.57122731436e-05
X4 -5 5 3 -0.00449686119802 0.00281554434208 -3.20807109763e-05
Y4 -5 5 3 -0.0113120416268 0.00229164032166 -4.16155376013e-05
X5 -5 5 3 -0.00436690714197 0.000872853867414 -7.01607518229e-06
Y5 -5 5 3 0.0263067249634 0.000192012560768 3.7900421204e-06
X6 -5 5 3 0.00957568393945 0.0032599800119 -4.22132908864e-05
Y6 -5 5 3 0.011091651554 0.00031089502884 -5.52592994412e-06
X7 -5 5 3 0.0493988931851 0.000135881155826 9.08206954024e-07
Y7 -5 5 3 0.0127026513472 0.000602502062733 -7.46185673919e-06
X8 -5 5 3 0.016075207339 0.00211501528086 -1.76279623103e-05
Y8 -5 5 3 0.0171063331222 0.000347551713563 -2.1951252992e-06
X9 -5 5 3 0.01525389113 0.00262969111451 -2.7394435786e-05
Y9 -5 5 3 0.00368672736844 0.00117127899456 -1.11395450112e-05
X10 -5 5 3 0.0226439875417 0.00229229923653 -1.93822943091e-05
Y10 -5 5 3 0.0026405480615 0.00139378019653 -1.11431435461e-05
X11 -5 5 3 0.00523715680562 0.00336574650754 -3.43813127725e-05
Y11 -5 5 3 0.00720357658842 0.00119513496222 -8.05531194363e-06
X12 -5 5 3 -0.0050133225994 0.00389929164807 -3.62632720037e-05
Y12 -5 5 3 -0.00654388780824 0.00235249760538 -2.13447992829e-05
X13 -5 5 3 -0.00429089257651 0.00393338501318 -3.47355598109e-05
Y13 -5 5 3 0.00385779375486 0.00199025870815 -1.75553896458e-05
X14 -5 5 3 0.00594137909223 0.00346730731226 -3.06248240557e-05
Y14 -5 5 3 0.00774405406482 0.00147370585524 -1.08275423939e-05
X15 -5 5 3 -0.000893178259257 0.0035478541713 -2.88536067738e-05
Y15 -5 5 3 4.74271813718e-05 0.00200110772508 -1.40107180681e-05
X16 -5 5 3 -0.00759606839415 0.00410486477449 -3.53036907661e-05
Y16 -5 5 3 0.000410821994156 0.00222062498513 -1.72929227776e-05
X17 -5 5 3 -0.000469608201866 0.00381390393502 -3.1108214565e-05
Y17 -5 5 3 -0.0112704141501 0.00287408355126 -2.39445150541e-05
X18 -5 5 3 -0.0183481344705 0.00439667410024 -3.44930460929e-05
Y18 -5 5 3 0.00698464568635 0.00188706457624 -1.34696741936e-05
X19 -5 5 3 -0.0144649968467 0.00390190181488 -2.82801453986e-05
Y19 -5 5 3 -0.0129971829936 0.00279979346585 -2.28213112842e-05
X20 -5 5 3 -0.00423985707582 0.00338597706239 -2.11657379886e-05
Y20 -5 5 3 -0.0141259986446 0.00264597786817 -1.72485042874e-05
X21 -5 5 3 -0.00535937437107 0.00375947292945 -2.79899376041e-05
Y21 -5 5 3 0.00541947628049 0.00193239112249 -1.28964965107e-05
X22 -5 5 3 -0.00419052287554 0.00316346257631 -1.84500513981e-05
Y22 -5 5 3 -0.00681182971806 0.00211405283909 -1.22861568962e-05
X23 -5 5 3 -0.0098859283668 0.00363641887054 -2.41625041144e-05
Y23 -5 5 3 -0.00629836622038 0.00218616319259 -1.42309491812e-05
X24 -5 5 3 -0.0108805987957 0.00367572582995 -2.28854627445e-05
Y24 -5 5 3 0.00063298478111 0.00193817654544 -1.62097143422e-05
X25 -5 5 3 -0.00887414129322 0.00323617530132 -2.06347163761e-05
Y25 -5 5 3 -0.00747742156348 0.00231375422598 -1.7620540072e-05
X26 -5 5 3 0.0102082958742 0.00231339968302 -9.33150503972e-06
Y26 -5 5 3 0.0257449075102 0.000932818323032 -5.74121921029e-06
X27 -5 5 3 -0.0255960650863 0.00391359436279 -2.20244511161e-05
Y27 -5 5 3 0.0291020754808 0.000119267375055 5.29805953459e-06
X28 -5 5 3 -0.00904270180055 0.00306643865797 -1.91009609189e-05
Y28 -5 5 3 0.0116932578526 0.000688051818419 -1.07434161534e-06
X29 -5 5 3 -0.0136900536556 0.00383074348821 -2.71027225058e-05
Y29 -5 5 3 -0.0386389796018 0.00272501674213 -1.95598012522e-05
X30 -5 5 3 -0.0263902235449 0.00373303151892 -2.34702826812e-05
Y30 -5 5 3 0.00977819673915 0.00106712879616 -8.84603157397e-06
X31 -5 5 3 0.0112813146995 0.00223689351068 -1.09322518748e-05
Y31 -5 5 3 -0.0187213051323 0.00145141651276 -1.05940107709e-05
X32 -5 5 3 -0.0744427440573 0.0051580626316 -3.32057681219e-05
Y32 -5 5 3 -0.0227417531265 0.00224265471297 -2.2801308285e-05
X33 -5 5 3 -0.0282267163322 0.00306170449566 -1.54025693885e-05
Y33 -5 5 3 0.0142169761845 -0.00018263531655 1.59491166517e-06
X34 -5 5 3 0.0369903950134 0.00124105544526 -9.21045429702e-06
Y34 -5 5 3 -0.0532824911275 0.0025589953713 -2.91394163551e-05
X35 -5 5 3 0.00366600612211 0.00188370976832 -9.59165684424e-06
Y35 -5 5 3 0.00477836346516 -0.000459511101428 -3.16259389114e-06
